22
** Atomic data from version 9 of the CHIANTI database **
%filename: ar_3.elvlc
%Observed energies: Ver. 3.0.3 of the online NIST database. http://physics.nist.gov/PhysRefData/ASD/index.html
%Theoretical energies: No theoretical energies available.
% produced as part of the Arcetri/Cambridge/NRL 'CHIANTI' atomic data base collaboration
%
%  Peter Young   -   3-Jun-2006
%filename: ar_3.wgfa
%Observed energies: Ver. 3.0.3 of the online NIST database. http://physics.nist.gov/PhysRefData/ASD/index.html
%A-values: Biemont, E., & Hansen, J.E., 1986, Physica Scripta, 34, 116
% produced as part of the Arcetri/Cambridge/NRL 'CHIANTI' atomic data base collaboration
%
%    Peter Young   -   5-Jun-2006
%File processed with wgfa_tidy by pryoung on  6-Mar-2019
-1
%filename: ar_3.splups
%Theoretical energies: No theoretical energies available - observed energies from .elvlc file used instead.
%Upsilons: Galavis, M.E., Mendoza, C., Zeippen, C.J., 1995, A&AS, 111, 347
%comment: The original upsilons were tabulated over the range 10^3 - 10^5 K. The CHIANTI fits reproduce the data to within 0.28 %.
% produced as part of the Arcetri/Cambridge/NRL 'CHIANTI' atomic data base collaboration
%
%    Peter Young  -  5-Jun-2006
5 23
  1  3s2.3p4 3P2
  2  3s2.3p4 3P1
  3  3s2.3p4 3P0
  4  3s2.3p4 1D2
  5  3s2.3p4 1S0
     100.0
     158.5
     251.2
     398.1
     631.0
    1000.0
    1584.9
    2511.9
    3981.1
    6309.6
   10000.0
   15848.9
   25118.9
   39810.7
   63095.7
  100000.0
  158489.3
  251188.6
  398107.2
  630957.3
 1000000.0
 1584893.2
 2511886.4
0
  1  2   4.19e+00
  0  0   4.15e+00
  0  0   4.08e+00
  0  0   3.99e+00
  0  0   3.86e+00
  0  0   3.69e+00
  0  0   3.51e+00
  0  0   3.35e+00
  0  0   3.23e+00
  0  0   3.14e+00
  0  0   3.09e+00
  0  0   3.12e+00
  0  0   3.21e+00
  0  0   3.31e+00
  0  0   3.32e+00
  0  0   3.20e+00
  0  0   3.02e+00
  0  0   2.84e+00
  0  0   2.69e+00
  0  0   2.59e+00
  0  0   2.51e+00
  0  0   2.46e+00
  0  0   2.43e+00
  1  3   7.86e-01
  0  0   7.80e-01
  0  0   7.72e-01
  0  0   7.59e-01
  0  0   7.42e-01
  0  0   7.20e-01
  0  0   6.97e-01
  0  0   6.77e-01
  0  0   6.65e-01
  0  0   6.60e-01
  0  0   6.71e-01
  0  0   7.15e-01
  0  0   7.81e-01
  0  0   8.53e-01
  0  0   9.00e-01
  0  0   9.06e-01
  0  0   8.87e-01
  0  0   8.60e-01
  0  0   8.36e-01
  0  0   8.17e-01
  0  0   8.03e-01
  0  0   7.94e-01
  0  0   7.87e-01
  1  4   2.86e+00
  0  0   2.86e+00
  0  0   2.86e+00
  0  0   2.85e+00
  0  0   2.84e+00
  0  0   2.82e+00
  0  0   2.81e+00
  0  0   2.79e+00
  0  0   2.77e+00
  0  0   2.73e+00
  0  0   2.68e+00
  0  0   2.63e+00
  0  0   2.61e+00
  0  0   2.59e+00
  0  0   2.50e+00
  0  0   2.33e+00
  0  0   2.12e+00
  0  0   1.93e+00
  0  0   1.77e+00
  0  0   1.67e+00
  0  0   1.59e+00
  0  0   1.54e+00
  0  0   1.51e+00
  1  5   4.83e-01
  0  0   4.86e-01
  0  0   4.91e-01
  0  0   4.97e-01
  0  0   5.05e-01
  0  0   5.12e-01
  0  0   5.14e-01
  0  0   5.07e-01
  0  0   4.91e-01
  0  0   4.77e-01
  0  0   4.67e-01
  0  0   4.60e-01
  0  0   4.53e-01
  0  0   4.42e-01
  0  0   4.18e-01
  0  0   3.81e-01
  0  0   3.41e-01
  0  0   3.07e-01
  0  0   2.80e-01
  0  0   2.61e-01
  0  0   2.48e-01
  0  0   2.40e-01
  0  0   2.34e-01
  2  3   1.94e+00
  0  0   1.91e+00
  0  0   1.88e+00
  0  0   1.82e+00
  0  0   1.75e+00
  0  0   1.66e+00
  0  0   1.55e+00
  0  0   1.46e+00
  0  0   1.38e+00
  0  0   1.32e+00
  0  0   1.26e+00
  0  0   1.21e+00
  0  0   1.16e+00
  0  0   1.13e+00
  0  0   1.08e+00
  0  0   1.02e+00
  0  0   9.42e-01
  0  0   8.77e-01
  0  0   8.27e-01
  0  0   7.91e-01
  0  0   7.66e-01
  0  0   7.49e-01
  0  0   7.39e-01
  2  4   1.72e+00
  0  0   1.72e+00
  0  0   1.71e+00
  0  0   1.71e+00
  0  0   1.70e+00
  0  0   1.69e+00
  0  0   1.69e+00
  0  0   1.68e+00
  0  0   1.66e+00
  0  0   1.64e+00
  0  0   1.61e+00
  0  0   1.58e+00
  0  0   1.56e+00
  0  0   1.55e+00
  0  0   1.50e+00
  0  0   1.40e+00
  0  0   1.27e+00
  0  0   1.16e+00
  0  0   1.06e+00
  0  0   9.99e-01
  0  0   9.54e-01
  0  0   9.23e-01
  0  0   9.04e-01
  2  5   2.90e-01
  0  0   2.92e-01
  0  0   2.95e-01
  0  0   2.98e-01
  0  0   3.03e-01
  0  0   3.07e-01
  0  0   3.08e-01
  0  0   3.04e-01
  0  0   2.94e-01
  0  0   2.86e-01
  0  0   2.80e-01
  0  0   2.76e-01
  0  0   2.72e-01
  0  0   2.65e-01
  0  0   2.51e-01
  0  0   2.29e-01
  0  0   2.05e-01
  0  0   1.84e-01
  0  0   1.69e-01
  0  0   1.57e-01
  0  0   1.50e-01
  0  0   1.44e-01
  0  0   1.41e-01
  3  4   5.73e-01
  0  0   5.72e-01
  0  0   5.71e-01
  0  0   5.70e-01
  0  0   5.68e-01
  0  0   5.65e-01
  0  0   5.62e-01
  0  0   5.59e-01
  0  0   5.54e-01
  0  0   5.46e-01
  0  0   5.36e-01
  0  0   5.26e-01
  0  0   5.21e-01
  0  0   5.17e-01
  0  0   5.00e-01
  0  0   4.65e-01
  0  0   4.23e-01
  0  0   3.85e-01
  0  0   3.55e-01
  0  0   3.33e-01
  0  0   3.18e-01
  0  0   3.08e-01
  0  0   3.01e-01
  3  5   9.66e-02
  0  0   9.72e-02
  0  0   9.82e-02
  0  0   9.94e-02
  0  0   1.01e-01
  0  0   1.02e-01
  0  0   1.03e-01
  0  0   1.01e-01
  0  0   9.81e-02
  0  0   9.54e-02
  0  0   9.34e-02
  0  0   9.20e-02
  0  0   9.06e-02
  0  0   8.83e-02
  0  0   8.35e-02
  0  0   7.62e-02
  0  0   6.83e-02
  0  0   6.14e-02
  0  0   5.61e-02
  0  0   5.23e-02
  0  0   4.97e-02
  0  0   4.80e-02
  0  0   4.69e-02
  4  5   1.74e+00
  0  0   1.72e+00
  0  0   1.70e+00
  0  0   1.67e+00
  0  0   1.63e+00
  0  0   1.57e+00
  0  0   1.48e+00
  0  0   1.39e+00
  0  0   1.31e+00
  0  0   1.25e+00
  0  0   1.22e+00
  0  0   1.19e+00
  0  0   1.14e+00
  0  0   1.10e+00
  0  0   1.04e+00
  0  0   9.46e-01
  0  0   8.32e-01
  0  0   7.21e-01
  0  0   6.28e-01
  0  0   5.59e-01
  0  0   5.10e-01
  0  0   4.77e-01
  0  0   4.55e-01
 0 0 0
  1  2   3.054e-02
  1  3   2.784e-06
  1  4   3.244e-01
  1  5   3.493e-02
  2  3   5.354e-03
  2  4   8.443e-02
  2  5   3.972e+00
  3  4   2.038e-05
  3  5   0.000e+00
  4  5   2.693e+00
  1  5        0.0
  2  3     1112.2
  3  1     1570.2
  4  5    14010.0
  5  1    33265.7
