73
** Atomic data from version 9 of the CHIANTI database **

Theoretical energies:
Wang et al., 2013, Phys, Rev. A, 87, 012704
doi = {10.1103/PhysRevA.87.012704},
adsurl = {http://adsabs.harvard.edu/abs/2013PhRvA..87a2704W},

Level-resolved energies communicated by O. Zatsarinny (2014).


Experimental energies:
Chang  E.~S. and Geller, M., 1998, Phys. Scr., 58, 326
doi = {10.1088/0031-8949/58/4/008},
adsurl = {http://adsabs.harvard.edu/abs/1998PhyS...58..326C}


Produced for the CHIANTI database v.8 by G. Del Zanna 15 Mar 2015




-1
%filename:  c_1.wgfa

A-values  for the forbidden lines within the ground configuration
are from the CIV3 calculations of Hibbert et al. 1993,  A&ASS, 99, ,179

The rest are from O. Zasarinny (priv. comm. 2014).

Note that the A-values for the forbidden lines calculated by
O. Zasarinny are in good agreement withthe CIV3. Here they are:

1    2       6091000.      0.000e+00      7.540e-08
1    3       2303000.      0.000e+00      2.890e-14
1    4       9810.972      0.000e+00      1.160e-07
2    3       3704000.      0.000e+00      4.430e-07
2    4       9826.800      0.000e+00      7.040e-05
2    5       4622.863      0.000e+00      2.250e-03
3    4       9852.939      0.000e+00      2.103e-04
3    5       4628.639      0.000e+00      1.580e-05
4    5       8729.534      0.000e+00      4.300e-01

Experimental energies have been taken from
Chang & Geller (1998, Phys Scripta, 58, 326)

Produced for the CHIANTI database v.8 by G. Del Zanna on 15 Mar 2015

Removed a few unimportant unphysical transitions from levels
13,25,26,39 (observed energy of the upper level lower than the energy of the lower level)
G. Del Zanna 5 May 2016

K. Dere  minimum branching ratio =   1.00e-05  :  2017 December 06
%File processed with wgfa_tidy by pryoung on  6-Mar-2019
-1

Collision strengths:
Wang et al., 2013, Phys, Rev. A, 87, 012704
  doi = {10.1103/PhysRevA.87.012704},
   adsurl = {http://adsabs.harvard.edu/abs/2013PhRvA..87a2704W},
   
gf values have been communicated by O. Zatsarinny (priv. comm.,2014)
   
Note: Wang et al. published LS collision strengths.
The fine-structure collision strengths have been calculated 
by O. Zasarinny (priv. comm.,2014) over a wide temperature range, from 1000 K
to 500 000 K. The  collision strengths of the dipole-allowed 
transitions converge to the correct high-temperature limits.
The high-temperature limits for the forbidden transitions have been 
obtained by extrapolation. 

Produced for the CHIANTI database v.8 by G. Del Zanna 15 Mar 2015

 
6 23
  1  2p2 3P0
  2  2p2 3P1
  3  2p2 3P2
  4  2p2 1D2
  5  2p2 1S0
  6  2s 2p3 5S2
     100.0
     158.5
     251.2
     398.1
     631.0
    1000.0
    1584.9
    2511.9
    3981.1
    6309.6
   10000.0
   15848.9
   25118.9
   39810.7
   63095.7
  100000.0
  158489.3
  251188.6
  398107.2
  630957.3
 1000000.0
 1584893.2
 2511886.4
0
  1  2   0.00e+00
  0  0   0.00e+00
  0  0   0.00e+00
  0  0   1.96e-03
  0  0   1.16e-02
  0  0   3.57e-02
  0  0   8.63e-02
  0  0   1.71e-01
  0  0   2.71e-01
  0  0   3.62e-01
  0  0   4.24e-01
  0  0   4.61e-01
  0  0   4.82e-01
  0  0   4.95e-01
  0  0   5.01e-01
  0  0   5.06e-01
  0  0   5.05e-01
  0  0   4.63e-01
  0  0   4.17e-01
  0  0   3.87e-01
  0  0   3.71e-01
  0  0   3.63e-01
  0  0   3.59e-01
  1  3   0.00e+00
  0  0   0.00e+00
  0  0   0.00e+00
  0  0   2.32e-03
  0  0   1.09e-02
  0  0   3.15e-02
  0  0   7.31e-02
  0  0   1.37e-01
  0  0   1.96e-01
  0  0   2.36e-01
  0  0   2.57e-01
  0  0   2.66e-01
  0  0   2.73e-01
  0  0   2.83e-01
  0  0   2.96e-01
  0  0   3.10e-01
  0  0   3.23e-01
  0  0   3.35e-01
  0  0   3.45e-01
  0  0   3.52e-01
  0  0   3.56e-01
  0  0   3.59e-01
  0  0   3.60e-01
  1  4   2.40e-03
  0  0   3.84e-03
  0  0   6.18e-03
  0  0   9.99e-03
  0  0   1.62e-02
  0  0   2.65e-02
  0  0   4.30e-02
  0  0   6.79e-02
  0  0   1.02e-01
  0  0   1.45e-01
  0  0   1.96e-01
  0  0   2.49e-01
  0  0   2.99e-01
  0  0   3.36e-01
  0  0   3.56e-01
  0  0   3.59e-01
  0  0   3.47e-01
  0  0   3.02e-01
  0  0   2.57e-01
  0  0   2.27e-01
  0  0   2.09e-01
  0  0   2.00e-01
  0  0   1.94e-01
  1  5   2.60e-04
  0  0   4.17e-04
  0  0   6.72e-04
  0  0   1.09e-03
  0  0   1.79e-03
  0  0   2.95e-03
  0  0   4.86e-03
  0  0   7.84e-03
  0  0   1.21e-02
  0  0   1.77e-02
  0  0   2.45e-02
  0  0   3.19e-02
  0  0   3.87e-02
  0  0   4.31e-02
  0  0   4.46e-02
  0  0   4.34e-02
  0  0   4.02e-02
  0  0   3.37e-02
  0  0   2.73e-02
  0  0   2.31e-02
  0  0   2.06e-02
  0  0   1.91e-02
  0  0   1.83e-02
  1  6   4.46e-03
  0  0   5.80e-03
  0  0   7.82e-03
  0  0   1.08e-02
  0  0   1.51e-02
  0  0   2.09e-02
  0  0   2.87e-02
  0  0   3.99e-02
  0  0   5.89e-02
  0  0   9.03e-02
  0  0   1.34e-01
  0  0   1.81e-01
  0  0   2.16e-01
  0  0   2.32e-01
  0  0   2.27e-01
  0  0   2.12e-01
  0  0   1.92e-01
  0  0   1.63e-01
  0  0   1.36e-01
  0  0   1.18e-01
  0  0   1.07e-01
  0  0   1.01e-01
  0  0   9.69e-02
  2  3   0.00e+00
  0  0   0.00e+00
  0  0   0.00e+00
  0  0   7.23e-03
  0  0   3.85e-02
  0  0   1.15e-01
  0  0   2.72e-01
  0  0   5.22e-01
  0  0   7.82e-01
  0  0   9.84e-01
  0  0   1.11e+00
  0  0   1.18e+00
  0  0   1.22e+00
  0  0   1.26e+00
  0  0   1.30e+00
  0  0   1.33e+00
  0  0   1.36e+00
  0  0   1.33e+00
  0  0   1.30e+00
  0  0   1.28e+00
  0  0   1.27e+00
  0  0   1.27e+00
  0  0   1.27e+00
  2  4   7.23e-03
  0  0   1.16e-02
  0  0   1.86e-02
  0  0   3.00e-02
  0  0   4.88e-02
  0  0   7.95e-02
  0  0   1.29e-01
  0  0   2.04e-01
  0  0   3.07e-01
  0  0   4.37e-01
  0  0   5.89e-01
  0  0   7.48e-01
  0  0   8.95e-01
  0  0   1.01e+00
  0  0   1.07e+00
  0  0   1.08e+00
  0  0   1.04e+00
  0  0   9.08e-01
  0  0   7.72e-01
  0  0   6.82e-01
  0  0   6.30e-01
  0  0   6.01e-01
  0  0   5.84e-01
  2  5   7.70e-04
  0  0   1.23e-03
  0  0   1.99e-03
  0  0   3.24e-03
  0  0   5.31e-03
  0  0   8.76e-03
  0  0   1.44e-02
  0  0   2.33e-02
  0  0   3.60e-02
  0  0   5.25e-02
  0  0   7.25e-02
  0  0   9.45e-02
  0  0   1.14e-01
  0  0   1.27e-01
  0  0   1.31e-01
  0  0   1.28e-01
  0  0   1.19e-01
  0  0   9.96e-02
  0  0   8.09e-02
  0  0   6.86e-02
  0  0   6.12e-02
  0  0   5.68e-02
  0  0   5.43e-02
  2  6   1.05e-02
  0  0   1.51e-02
  0  0   2.20e-02
  0  0   3.18e-02
  0  0   4.53e-02
  0  0   6.31e-02
  0  0   8.64e-02
  0  0   1.20e-01
  0  0   1.78e-01
  0  0   2.74e-01
  0  0   4.06e-01
  0  0   5.48e-01
  0  0   6.53e-01
  0  0   7.00e-01
  0  0   6.89e-01
  0  0   6.43e-01
  0  0   5.78e-01
  0  0   4.99e-01
  0  0   4.17e-01
  0  0   3.43e-01
  0  0   2.79e-01
  0  0   2.26e-01
  0  0   1.80e-01
  3  4   1.19e-02
  0  0   1.90e-02
  0  0   3.06e-02
  0  0   4.95e-02
  0  0   8.07e-02
  0  0   1.32e-01
  0  0   2.15e-01
  0  0   3.41e-01
  0  0   5.12e-01
  0  0   7.29e-01
  0  0   9.82e-01
  0  0   1.25e+00
  0  0   1.50e+00
  0  0   1.68e+00
  0  0   1.79e+00
  0  0   1.80e+00
  0  0   1.74e+00
  0  0   1.51e+00
  0  0   1.28e+00
  0  0   1.13e+00
  0  0   1.05e+00
  0  0   9.96e-01
  0  0   9.69e-01
  3  5   1.28e-03
  0  0   2.05e-03
  0  0   3.32e-03
  0  0   5.39e-03
  0  0   8.84e-03
  0  0   1.46e-02
  0  0   2.41e-02
  0  0   3.89e-02
  0  0   6.00e-02
  0  0   8.76e-02
  0  0   1.21e-01
  0  0   1.58e-01
  0  0   1.90e-01
  0  0   2.12e-01
  0  0   2.19e-01
  0  0   2.14e-01
  0  0   1.99e-01
  0  0   1.67e-01
  0  0   1.35e-01
  0  0   1.15e-01
  0  0   1.02e-01
  0  0   9.53e-02
  0  0   9.11e-02
  3  6   1.72e-02
  0  0   2.48e-02
  0  0   3.61e-02
  0  0   5.24e-02
  0  0   7.49e-02
  0  0   1.05e-01
  0  0   1.45e-01
  0  0   2.03e-01
  0  0   3.00e-01
  0  0   4.61e-01
  0  0   6.86e-01
  0  0   9.28e-01
  0  0   1.11e+00
  0  0   1.19e+00
  0  0   1.17e+00
  0  0   1.09e+00
  0  0   9.83e-01
  0  0   8.49e-01
  0  0   7.08e-01
  0  0   5.80e-01
  0  0   4.70e-01
  0  0   3.77e-01
  0  0   2.98e-01
  4  5   4.71e-02
  0  0   4.86e-02
  0  0   5.11e-02
  0  0   5.53e-02
  0  0   6.25e-02
  0  0   7.47e-02
  0  0   9.44e-02
  0  0   1.22e-01
  0  0   1.54e-01
  0  0   1.91e-01
  0  0   2.40e-01
  0  0   3.02e-01
  0  0   3.78e-01
  0  0   4.63e-01
  0  0   5.60e-01
  0  0   6.56e-01
  0  0   7.53e-01
  0  0   9.27e-01
  0  0   1.09e+00
  0  0   1.20e+00
  0  0   1.26e+00
  0  0   1.29e+00
  0  0   1.31e+00
  4  6   2.22e-07
  0  0   3.34e-07
  0  0   4.94e-07
  0  0   7.12e-07
  0  0   1.02e-06
  0  0   1.52e-06
  0  0   2.58e-06
  0  0   5.18e-06
  0  0   1.13e-05
  0  0   2.44e-05
  0  0   6.19e-05
  0  0   1.48e-04
  0  0   2.80e-04
  0  0   4.12e-04
  0  0   4.82e-04
  0  0   4.83e-04
  0  0   4.42e-04
  0  0   3.84e-04
  0  0   3.22e-04
  0  0   2.64e-04
  0  0   2.14e-04
  0  0   1.70e-04
  0  0   1.33e-04
  5  6   1.93e-08
  0  0   3.13e-08
  0  0   5.17e-08
  0  0   8.89e-08
  0  0   1.64e-07
  0  0   3.40e-07
  0  0   8.01e-07
  0  0   2.08e-06
  0  0   5.45e-06
  0  0   1.29e-05
  0  0   2.70e-05
  0  0   4.93e-05
  0  0   7.56e-05
  0  0   9.63e-05
  0  0   1.04e-04
  0  0   9.77e-05
  0  0   8.48e-05
  0  0   6.75e-05
  0  0   5.22e-05
  0  0   4.17e-05
  0  0   3.50e-05
  0  0   3.08e-05
  0  0   2.82e-05
 0 0 0
  1  2   7.960e-08
  1  3   0.000e+00
  1  4   9.340e-08
  1  5   0.000e+00
  1  6   0.000e+00
  2  3   2.660e-07
  2  4   6.170e-05
  2  5   2.110e-03
  2  6   5.400e+00
  3  4   1.810e-04
  3  5   1.980e-05
  3  6   1.610e+01
  4  5   6.380e-01
  4  6   0.000e+00
  5  6   0.000e+00
  1  1        0.0
  2  3       16.4
  3  5       43.4
  4  5    10192.7
  5  1    21648.0
  6  5    33735.2
