46
** Atomic data from version 9 of the CHIANTI database **

Experimental energies (levels 1 to 5):
Young, P. R., Feldman, U. & Lobel, A., 2011, ApJS 196, 23
DOI: 10.1088/0067-0049/196/2/23

Experimental energies (all others):
Kramida, A., Ralchenko, Yu., Reader, J., and NIST ASD Team (2013).
NIST Atomic Spectra Database (ver. 5.1), see http://physics.nist.gov/asd

Theoretical energies:
G Y Liang, N R Badnell and G Zhao  A&A 547, A87 (2012)
DOI: 10.1051/0004-6361/201220277

Produced for the CHIANTI database v.8 by G. Del Zanna 28 Apr 2014

Updated, Peter Young, 14-Jul-2016
- replaced energies for 1-5 levels with Young et al. (2011)
- energies for levels 6 & 7 have been swapped
- 2nd and 3rd decimal places for NIST energies have been corrected
Theoretical energies, gf and A-values:
G Y Liang, N R Badnell and G Zhao  A&A 547, A87 (2012)
DOI: 10.1051/0004-6361/201220277

Note: only transitions with a branching ratio above 10^-5
have been retained.

A-values for transitions from some of the lower levels
are from Correge, G. & Hibbert, A. 2004, ADNDT, 86, 19


Produced for the CHIANTI database v.8 by Giulio Del Zanna  Oct 2013

Updated, 14-Jul-2016, Peter Young
- used updated .elvlc file for computing wavelengths

%File processed with wgfa_tidy by pryoung on  6-Mar-2019
-1

Data  from 
G Y Liang, N R Badnell and G Zhao  A&A 547, A87 (2012)
   DOI: 10.1051/0004-6361/201220277
   
Produced for the CHIANTI database v.8 by G. Del Zanna 5 May 2014
  

10 23
  1  2s2 2p 2P0
  2  2s2 2p 2P1
  3  2s 2p2 4P0
  4  2s 2p2 4P1
  5  2s 2p2 4P2
  6  2s 2p2 2D1
  7  2s 2p2 2D2
  8  2s 2p2 2S0
  9  2s 2p2 2P0
 10  2s 2p2 2P1
     100.0
     158.5
     251.2
     398.1
     631.0
    1000.0
    1584.9
    2511.9
    3981.1
    6309.6
   10000.0
   15848.9
   25118.9
   39810.7
   63095.7
  100000.0
  158489.3
  251188.6
  398107.2
  630957.3
 1000000.0
 1584893.2
 2511886.4
0
  1  2   1.56e+00
  0  0   1.56e+00
  0  0   1.57e+00
  0  0   1.58e+00
  0  0   1.59e+00
  0  0   1.61e+00
  0  0   1.64e+00
  0  0   1.71e+00
  0  0   1.87e+00
  0  0   2.06e+00
  0  0   2.23e+00
  0  0   2.29e+00
  0  0   2.26e+00
  0  0   2.23e+00
  0  0   2.18e+00
  0  0   2.07e+00
  0  0   1.89e+00
  0  0   1.66e+00
  0  0   1.43e+00
  0  0   1.23e+00
  0  0   1.07e+00
  0  0   9.51e-01
  0  0   8.67e-01
  1  3   8.99e-02
  0  0   1.13e-01
  0  0   1.46e-01
  0  0   1.89e-01
  0  0   2.34e-01
  0  0   2.67e-01
  0  0   2.62e-01
  0  0   2.36e-01
  0  0   2.39e-01
  0  0   2.43e-01
  0  0   2.42e-01
  0  0   2.48e-01
  0  0   2.52e-01
  0  0   2.47e-01
  0  0   2.36e-01
  0  0   2.18e-01
  0  0   1.95e-01
  0  0   1.70e-01
  0  0   1.47e-01
  0  0   1.26e-01
  0  0   1.10e-01
  0  0   9.69e-02
  0  0   8.77e-02
  1  4   1.33e-01
  0  0   1.68e-01
  0  0   2.17e-01
  0  0   2.80e-01
  0  0   3.48e-01
  0  0   3.97e-01
  0  0   3.90e-01
  0  0   3.51e-01
  0  0   3.56e-01
  0  0   3.62e-01
  0  0   3.63e-01
  0  0   3.73e-01
  0  0   3.81e-01
  0  0   3.75e-01
  0  0   3.58e-01
  0  0   3.30e-01
  0  0   2.95e-01
  0  0   2.57e-01
  0  0   2.20e-01
  0  0   1.88e-01
  0  0   1.62e-01
  0  0   1.43e-01
  0  0   1.29e-01
  1  5   2.38e-01
  0  0   2.37e-01
  0  0   2.37e-01
  0  0   2.36e-01
  0  0   2.35e-01
  0  0   2.33e-01
  0  0   2.30e-01
  0  0   2.26e-01
  0  0   2.25e-01
  0  0   2.30e-01
  0  0   2.42e-01
  0  0   2.53e-01
  0  0   2.59e-01
  0  0   2.57e-01
  0  0   2.46e-01
  0  0   2.26e-01
  0  0   1.99e-01
  0  0   1.69e-01
  0  0   1.40e-01
  0  0   1.14e-01
  0  0   8.99e-02
  0  0   6.91e-02
  0  0   5.19e-02
  1  6   1.14e+00
  0  0   1.14e+00
  0  0   1.15e+00
  0  0   1.15e+00
  0  0   1.16e+00
  0  0   1.18e+00
  0  0   1.20e+00
  0  0   1.22e+00
  0  0   1.24e+00
  0  0   1.28e+00
  0  0   1.35e+00
  0  0   1.48e+00
  0  0   1.64e+00
  0  0   1.84e+00
  0  0   2.07e+00
  0  0   2.34e+00
  0  0   2.69e+00
  0  0   3.14e+00
  0  0   3.67e+00
  0  0   4.28e+00
  0  0   4.93e+00
  0  0   5.62e+00
  0  0   6.32e+00
  1  7   5.48e-01
  0  0   5.49e-01
  0  0   5.50e-01
  0  0   5.52e-01
  0  0   5.57e-01
  0  0   5.64e-01
  0  0   5.74e-01
  0  0   5.80e-01
  0  0   5.72e-01
  0  0   5.71e-01
  0  0   5.89e-01
  0  0   6.14e-01
  0  0   6.32e-01
  0  0   6.26e-01
  0  0   5.93e-01
  0  0   5.37e-01
  0  0   4.67e-01
  0  0   3.94e-01
  0  0   3.23e-01
  0  0   2.59e-01
  0  0   2.04e-01
  0  0   1.57e-01
  0  0   1.18e-01
  1  8   4.49e-01
  0  0   4.53e-01
  0  0   4.59e-01
  0  0   4.70e-01
  0  0   4.87e-01
  0  0   5.13e-01
  0  0   5.51e-01
  0  0   5.96e-01
  0  0   6.40e-01
  0  0   6.86e-01
  0  0   7.32e-01
  0  0   7.79e-01
  0  0   8.33e-01
  0  0   9.01e-01
  0  0   9.90e-01
  0  0   1.12e+00
  0  0   1.31e+00
  0  0   1.57e+00
  0  0   1.90e+00
  0  0   2.28e+00
  0  0   2.71e+00
  0  0   3.18e+00
  0  0   3.68e+00
  1  9   1.25e-01
  0  0   1.27e-01
  0  0   1.29e-01
  0  0   1.33e-01
  0  0   1.39e-01
  0  0   1.48e-01
  0  0   1.61e-01
  0  0   1.80e-01
  0  0   2.03e-01
  0  0   2.31e-01
  0  0   2.66e-01
  0  0   3.01e-01
  0  0   3.20e-01
  0  0   3.14e-01
  0  0   2.89e-01
  0  0   2.52e-01
  0  0   2.22e-01
  0  0   2.15e-01
  0  0   2.86e-01
  0  0   4.83e-01
  0  0   8.42e-01
  0  0   1.37e+00
  0  0   2.05e+00
  1 10   1.38e+00
  0  0   1.38e+00
  0  0   1.38e+00
  0  0   1.38e+00
  0  0   1.39e+00
  0  0   1.39e+00
  0  0   1.40e+00
  0  0   1.40e+00
  0  0   1.38e+00
  0  0   1.37e+00
  0  0   1.38e+00
  0  0   1.43e+00
  0  0   1.52e+00
  0  0   1.65e+00
  0  0   1.83e+00
  0  0   2.10e+00
  0  0   2.48e+00
  0  0   2.97e+00
  0  0   3.54e+00
  0  0   4.16e+00
  0  0   4.78e+00
  0  0   5.37e+00
  0  0   5.95e+00
  2  3   6.55e-02
  0  0   8.26e-02
  0  0   1.06e-01
  0  0   1.37e-01
  0  0   1.70e-01
  0  0   1.92e-01
  0  0   1.88e-01
  0  0   1.68e-01
  0  0   1.72e-01
  0  0   1.78e-01
  0  0   1.81e-01
  0  0   1.89e-01
  0  0   1.96e-01
  0  0   1.98e-01
  0  0   1.92e-01
  0  0   1.78e-01
  0  0   1.57e-01
  0  0   1.34e-01
  0  0   1.12e-01
  0  0   9.34e-02
  0  0   7.89e-02
  0  0   6.82e-02
  0  0   6.06e-02
  2  4   1.77e-01
  0  0   2.23e-01
  0  0   2.88e-01
  0  0   3.70e-01
  0  0   4.59e-01
  0  0   5.22e-01
  0  0   5.10e-01
  0  0   4.58e-01
  0  0   4.67e-01
  0  0   4.78e-01
  0  0   4.81e-01
  0  0   5.00e-01
  0  0   5.16e-01
  0  0   5.16e-01
  0  0   4.98e-01
  0  0   4.61e-01
  0  0   4.10e-01
  0  0   3.54e-01
  0  0   3.00e-01
  0  0   2.53e-01
  0  0   2.15e-01
  0  0   1.87e-01
  0  0   1.67e-01
  2  5   3.69e-01
  0  0   4.66e-01
  0  0   6.02e-01
  0  0   7.77e-01
  0  0   9.67e-01
  0  0   1.10e+00
  0  0   1.09e+00
  0  0   9.89e-01
  0  0   1.00e+00
  0  0   1.02e+00
  0  0   1.03e+00
  0  0   1.06e+00
  0  0   1.08e+00
  0  0   1.07e+00
  0  0   1.03e+00
  0  0   9.54e-01
  0  0   8.52e-01
  0  0   7.41e-01
  0  0   6.34e-01
  0  0   5.38e-01
  0  0   4.63e-01
  0  0   4.07e-01
  0  0   3.67e-01
  2  6   8.79e-01
  0  0   8.80e-01
  0  0   8.83e-01
  0  0   8.88e-01
  0  0   8.97e-01
  0  0   9.10e-01
  0  0   9.29e-01
  0  0   9.40e-01
  0  0   9.34e-01
  0  0   9.44e-01
  0  0   9.88e-01
  0  0   1.06e+00
  0  0   1.12e+00
  0  0   1.16e+00
  0  0   1.17e+00
  0  0   1.15e+00
  0  0   1.13e+00
  0  0   1.12e+00
  0  0   1.14e+00
  0  0   1.19e+00
  0  0   1.26e+00
  0  0   1.35e+00
  0  0   1.47e+00
  2  7   2.51e+00
  0  0   2.52e+00
  0  0   2.53e+00
  0  0   2.54e+00
  0  0   2.56e+00
  0  0   2.59e+00
  0  0   2.63e+00
  0  0   2.67e+00
  0  0   2.69e+00
  0  0   2.76e+00
  0  0   2.92e+00
  0  0   3.18e+00
  0  0   3.49e+00
  0  0   3.85e+00
  0  0   4.23e+00
  0  0   4.68e+00
  0  0   5.25e+00
  0  0   5.99e+00
  0  0   6.88e+00
  0  0   7.91e+00
  0  0   9.06e+00
  0  0   1.03e+01
  0  0   1.15e+01
  2  8   9.34e-01
  0  0   9.41e-01
  0  0   9.53e-01
  0  0   9.71e-01
  0  0   1.00e+00
  0  0   1.04e+00
  0  0   1.11e+00
  0  0   1.19e+00
  0  0   1.29e+00
  0  0   1.39e+00
  0  0   1.50e+00
  0  0   1.61e+00
  0  0   1.71e+00
  0  0   1.84e+00
  0  0   2.02e+00
  0  0   2.25e+00
  0  0   2.61e+00
  0  0   3.12e+00
  0  0   3.77e+00
  0  0   4.53e+00
  0  0   5.39e+00
  0  0   6.32e+00
  0  0   7.30e+00
  2  9   2.83e-01
  0  0   2.86e-01
  0  0   2.90e-01
  0  0   2.97e-01
  0  0   3.07e-01
  0  0   3.24e-01
  0  0   3.48e-01
  0  0   3.82e-01
  0  0   4.27e-01
  0  0   4.84e-01
  0  0   5.54e-01
  0  0   6.23e-01
  0  0   6.57e-01
  0  0   6.40e-01
  0  0   5.85e-01
  0  0   5.09e-01
  0  0   4.37e-01
  0  0   3.84e-01
  0  0   3.82e-01
  0  0   4.52e-01
  0  0   6.15e-01
  0  0   8.68e-01
  0  0   1.20e+00
  2 10   9.65e-01
  0  0   9.65e-01
  0  0   9.65e-01
  0  0   9.65e-01
  0  0   9.65e-01
  0  0   9.67e-01
  0  0   9.68e-01
  0  0   9.59e-01
  0  0   9.33e-01
  0  0   9.16e-01
  0  0   9.27e-01
  0  0   9.62e-01
  0  0   1.01e+00
  0  0   1.06e+00
  0  0   1.13e+00
  0  0   1.23e+00
  0  0   1.40e+00
  0  0   1.67e+00
  0  0   2.16e+00
  0  0   2.95e+00
  0  0   4.09e+00
  0  0   5.59e+00
  0  0   7.44e+00
  3  4   7.04e-01
  0  0   7.02e-01
  0  0   7.00e-01
  0  0   6.95e-01
  0  0   6.86e-01
  0  0   6.72e-01
  0  0   6.52e-01
  0  0   6.38e-01
  0  0   6.59e-01
  0  0   7.23e-01
  0  0   8.32e-01
  0  0   9.64e-01
  0  0   1.09e+00
  0  0   1.17e+00
  0  0   1.22e+00
  0  0   1.22e+00
  0  0   1.16e+00
  0  0   1.05e+00
  0  0   9.19e-01
  0  0   7.72e-01
  0  0   6.32e-01
  0  0   5.06e-01
  0  0   3.99e-01
  3  5   5.93e-01
  0  0   5.93e-01
  0  0   5.93e-01
  0  0   5.93e-01
  0  0   5.93e-01
  0  0   5.93e-01
  0  0   5.92e-01
  0  0   5.95e-01
  0  0   6.13e-01
  0  0   6.63e-01
  0  0   7.46e-01
  0  0   8.33e-01
  0  0   8.94e-01
  0  0   9.18e-01
  0  0   9.27e-01
  0  0   9.17e-01
  0  0   8.82e-01
  0  0   8.33e-01
  0  0   7.84e-01
  0  0   7.47e-01
  0  0   7.21e-01
  0  0   7.08e-01
  0  0   7.04e-01
  3  6   5.22e-01
  0  0   5.22e-01
  0  0   5.21e-01
  0  0   5.21e-01
  0  0   5.19e-01
  0  0   5.17e-01
  0  0   5.13e-01
  0  0   5.09e-01
  0  0   5.08e-01
  0  0   5.09e-01
  0  0   5.14e-01
  0  0   5.21e-01
  0  0   5.30e-01
  0  0   5.33e-01
  0  0   5.23e-01
  0  0   4.93e-01
  0  0   4.45e-01
  0  0   3.86e-01
  0  0   3.21e-01
  0  0   2.56e-01
  0  0   1.99e-01
  0  0   1.51e-01
  0  0   1.12e-01
  3  7   3.28e-01
  0  0   3.28e-01
  0  0   3.27e-01
  0  0   3.26e-01
  0  0   3.24e-01
  0  0   3.20e-01
  0  0   3.15e-01
  0  0   3.09e-01
  0  0   3.06e-01
  0  0   3.05e-01
  0  0   3.06e-01
  0  0   3.11e-01
  0  0   3.17e-01
  0  0   3.21e-01
  0  0   3.17e-01
  0  0   3.02e-01
  0  0   2.75e-01
  0  0   2.40e-01
  0  0   2.01e-01
  0  0   1.63e-01
  0  0   1.28e-01
  0  0   9.72e-02
  0  0   7.22e-02
  3  8   4.32e-02
  0  0   4.37e-02
  0  0   4.44e-02
  0  0   4.55e-02
  0  0   4.73e-02
  0  0   5.02e-02
  0  0   5.46e-02
  0  0   6.04e-02
  0  0   6.69e-02
  0  0   7.32e-02
  0  0   7.82e-02
  0  0   8.07e-02
  0  0   8.12e-02
  0  0   8.05e-02
  0  0   7.75e-02
  0  0   7.16e-02
  0  0   6.32e-02
  0  0   5.31e-02
  0  0   4.26e-02
  0  0   3.28e-02
  0  0   2.42e-02
  0  0   1.73e-02
  0  0   1.21e-02
  3  9   2.67e-02
  0  0   2.69e-02
  0  0   2.71e-02
  0  0   2.75e-02
  0  0   2.81e-02
  0  0   2.90e-02
  0  0   3.05e-02
  0  0   3.23e-02
  0  0   3.38e-02
  0  0   3.54e-02
  0  0   3.71e-02
  0  0   3.86e-02
  0  0   3.92e-02
  0  0   3.84e-02
  0  0   3.58e-02
  0  0   3.17e-02
  0  0   2.67e-02
  0  0   2.16e-02
  0  0   1.67e-02
  0  0   1.26e-02
  0  0   9.13e-03
  0  0   6.45e-03
  0  0   4.46e-03
  3 10   6.77e-02
  0  0   6.87e-02
  0  0   7.03e-02
  0  0   7.28e-02
  0  0   7.66e-02
  0  0   8.25e-02
  0  0   9.17e-02
  0  0   1.08e-01
  0  0   1.35e-01
  0  0   1.63e-01
  0  0   1.84e-01
  0  0   1.92e-01
  0  0   1.86e-01
  0  0   1.70e-01
  0  0   1.46e-01
  0  0   1.19e-01
  0  0   9.26e-02
  0  0   6.97e-02
  0  0   5.10e-02
  0  0   3.65e-02
  0  0   2.58e-02
  0  0   1.80e-02
  0  0   1.25e-02
  4  5   1.46e+00
  0  0   1.46e+00
  0  0   1.46e+00
  0  0   1.46e+00
  0  0   1.45e+00
  0  0   1.45e+00
  0  0   1.43e+00
  0  0   1.43e+00
  0  0   1.49e+00
  0  0   1.62e+00
  0  0   1.84e+00
  0  0   2.10e+00
  0  0   2.32e+00
  0  0   2.44e+00
  0  0   2.51e+00
  0  0   2.50e+00
  0  0   2.39e+00
  0  0   2.22e+00
  0  0   2.00e+00
  0  0   1.79e+00
  0  0   1.61e+00
  0  0   1.46e+00
  0  0   1.33e+00
  4  6   8.25e-01
  0  0   8.24e-01
  0  0   8.23e-01
  0  0   8.22e-01
  0  0   8.19e-01
  0  0   8.15e-01
  0  0   8.08e-01
  0  0   8.01e-01
  0  0   7.97e-01
  0  0   7.98e-01
  0  0   8.04e-01
  0  0   8.15e-01
  0  0   8.28e-01
  0  0   8.34e-01
  0  0   8.20e-01
  0  0   7.76e-01
  0  0   7.02e-01
  0  0   6.08e-01
  0  0   5.06e-01
  0  0   4.06e-01
  0  0   3.17e-01
  0  0   2.40e-01
  0  0   1.78e-01
  4  7   8.76e-01
  0  0   8.75e-01
  0  0   8.74e-01
  0  0   8.71e-01
  0  0   8.67e-01
  0  0   8.60e-01
  0  0   8.50e-01
  0  0   8.38e-01
  0  0   8.31e-01
  0  0   8.30e-01
  0  0   8.37e-01
  0  0   8.50e-01
  0  0   8.67e-01
  0  0   8.78e-01
  0  0   8.66e-01
  0  0   8.21e-01
  0  0   7.44e-01
  0  0   6.46e-01
  0  0   5.39e-01
  0  0   4.34e-01
  0  0   3.39e-01
  0  0   2.58e-01
  0  0   1.91e-01
  4  8   8.55e-02
  0  0   8.64e-02
  0  0   8.77e-02
  0  0   9.00e-02
  0  0   9.36e-02
  0  0   9.95e-02
  0  0   1.08e-01
  0  0   1.20e-01
  0  0   1.32e-01
  0  0   1.43e-01
  0  0   1.52e-01
  0  0   1.56e-01
  0  0   1.57e-01
  0  0   1.56e-01
  0  0   1.51e-01
  0  0   1.40e-01
  0  0   1.25e-01
  0  0   1.05e-01
  0  0   8.50e-02
  0  0   6.64e-02
  0  0   5.05e-02
  0  0   3.74e-02
  0  0   2.73e-02
  4  9   5.16e-02
  0  0   5.19e-02
  0  0   5.23e-02
  0  0   5.30e-02
  0  0   5.42e-02
  0  0   5.60e-02
  0  0   5.87e-02
  0  0   6.23e-02
  0  0   6.62e-02
  0  0   7.07e-02
  0  0   7.54e-02
  0  0   7.85e-02
  0  0   7.92e-02
  0  0   7.71e-02
  0  0   7.16e-02
  0  0   6.31e-02
  0  0   5.31e-02
  0  0   4.29e-02
  0  0   3.35e-02
  0  0   2.54e-02
  0  0   1.88e-02
  0  0   1.37e-02
  0  0   9.82e-03
  4 10   1.19e-01
  0  0   1.21e-01
  0  0   1.24e-01
  0  0   1.29e-01
  0  0   1.36e-01
  0  0   1.48e-01
  0  0   1.67e-01
  0  0   1.99e-01
  0  0   2.45e-01
  0  0   2.88e-01
  0  0   3.13e-01
  0  0   3.20e-01
  0  0   3.09e-01
  0  0   2.84e-01
  0  0   2.47e-01
  0  0   2.04e-01
  0  0   1.61e-01
  0  0   1.23e-01
  0  0   9.23e-02
  0  0   6.75e-02
  0  0   4.87e-02
  0  0   3.47e-02
  0  0   2.44e-02
  5  6   6.88e-01
  0  0   6.88e-01
  0  0   6.86e-01
  0  0   6.84e-01
  0  0   6.81e-01
  0  0   6.75e-01
  0  0   6.66e-01
  0  0   6.56e-01
  0  0   6.48e-01
  0  0   6.46e-01
  0  0   6.51e-01
  0  0   6.61e-01
  0  0   6.74e-01
  0  0   6.83e-01
  0  0   6.75e-01
  0  0   6.42e-01
  0  0   5.84e-01
  0  0   5.08e-01
  0  0   4.25e-01
  0  0   3.43e-01
  0  0   2.70e-01
  0  0   2.05e-01
  0  0   1.52e-01
  5  7   1.87e+00
  0  0   1.87e+00
  0  0   1.87e+00
  0  0   1.86e+00
  0  0   1.86e+00
  0  0   1.84e+00
  0  0   1.82e+00
  0  0   1.80e+00
  0  0   1.79e+00
  0  0   1.79e+00
  0  0   1.81e+00
  0  0   1.84e+00
  0  0   1.88e+00
  0  0   1.89e+00
  0  0   1.86e+00
  0  0   1.76e+00
  0  0   1.60e+00
  0  0   1.38e+00
  0  0   1.14e+00
  0  0   9.17e-01
  0  0   7.16e-01
  0  0   5.43e-01
  0  0   4.00e-01
  5  8   1.28e-01
  0  0   1.29e-01
  0  0   1.31e-01
  0  0   1.34e-01
  0  0   1.39e-01
  0  0   1.47e-01
  0  0   1.60e-01
  0  0   1.77e-01
  0  0   1.96e-01
  0  0   2.13e-01
  0  0   2.24e-01
  0  0   2.29e-01
  0  0   2.29e-01
  0  0   2.29e-01
  0  0   2.22e-01
  0  0   2.07e-01
  0  0   1.84e-01
  0  0   1.56e-01
  0  0   1.26e-01
  0  0   9.87e-02
  0  0   7.52e-02
  0  0   5.58e-02
  0  0   4.06e-02
  5  9   7.31e-02
  0  0   7.34e-02
  0  0   7.40e-02
  0  0   7.49e-02
  0  0   7.64e-02
  0  0   7.88e-02
  0  0   8.24e-02
  0  0   8.70e-02
  0  0   9.17e-02
  0  0   9.67e-02
  0  0   1.02e-01
  0  0   1.07e-01
  0  0   1.10e-01
  0  0   1.09e-01
  0  0   1.02e-01
  0  0   9.11e-02
  0  0   7.73e-02
  0  0   6.28e-02
  0  0   4.91e-02
  0  0   3.73e-02
  0  0   2.78e-02
  0  0   2.03e-02
  0  0   1.45e-02
  5 10   9.30e-02
  0  0   9.63e-02
  0  0   1.02e-01
  0  0   1.10e-01
  0  0   1.23e-01
  0  0   1.44e-01
  0  0   1.77e-01
  0  0   2.24e-01
  0  0   2.82e-01
  0  0   3.22e-01
  0  0   3.32e-01
  0  0   3.32e-01
  0  0   3.20e-01
  0  0   2.99e-01
  0  0   2.67e-01
  0  0   2.27e-01
  0  0   1.87e-01
  0  0   1.49e-01
  0  0   1.16e-01
  0  0   8.86e-02
  0  0   6.64e-02
  0  0   4.90e-02
  0  0   3.56e-02
  6  7   2.50e+00
  0  0   2.49e+00
  0  0   2.49e+00
  0  0   2.48e+00
  0  0   2.46e+00
  0  0   2.44e+00
  0  0   2.40e+00
  0  0   2.33e+00
  0  0   2.22e+00
  0  0   2.11e+00
  0  0   2.03e+00
  0  0   1.97e+00
  0  0   1.94e+00
  0  0   1.92e+00
  0  0   1.87e+00
  0  0   1.75e+00
  0  0   1.58e+00
  0  0   1.39e+00
  0  0   1.22e+00
  0  0   1.08e+00
  0  0   9.69e-01
  0  0   8.87e-01
  0  0   8.31e-01
  6  8   3.15e-01
  0  0   3.22e-01
  0  0   3.32e-01
  0  0   3.51e-01
  0  0   3.81e-01
  0  0   4.30e-01
  0  0   5.03e-01
  0  0   5.83e-01
  0  0   6.30e-01
  0  0   6.61e-01
  0  0   6.81e-01
  0  0   6.74e-01
  0  0   6.51e-01
  0  0   6.31e-01
  0  0   6.08e-01
  0  0   5.83e-01
  0  0   5.65e-01
  0  0   5.59e-01
  0  0   5.73e-01
  0  0   6.07e-01
  0  0   6.53e-01
  0  0   7.09e-01
  0  0   7.64e-01
  6  9   2.57e-01
  0  0   2.58e-01
  0  0   2.61e-01
  0  0   2.64e-01
  0  0   2.70e-01
  0  0   2.80e-01
  0  0   2.95e-01
  0  0   3.11e-01
  0  0   3.22e-01
  0  0   3.38e-01
  0  0   3.67e-01
  0  0   4.04e-01
  0  0   4.35e-01
  0  0   4.44e-01
  0  0   4.33e-01
  0  0   4.15e-01
  0  0   3.99e-01
  0  0   3.90e-01
  0  0   3.76e-01
  0  0   3.52e-01
  0  0   3.16e-01
  0  0   2.69e-01
  0  0   2.19e-01
  6 10   3.61e-01
  0  0   3.60e-01
  0  0   3.59e-01
  0  0   3.56e-01
  0  0   3.52e-01
  0  0   3.45e-01
  0  0   3.35e-01
  0  0   3.24e-01
  0  0   3.19e-01
  0  0   3.34e-01
  0  0   3.87e-01
  0  0   4.81e-01
  0  0   5.78e-01
  0  0   6.21e-01
  0  0   6.05e-01
  0  0   5.52e-01
  0  0   4.85e-01
  0  0   4.18e-01
  0  0   3.55e-01
  0  0   2.94e-01
  0  0   2.39e-01
  0  0   1.89e-01
  0  0   1.46e-01
  7  8   4.80e-01
  0  0   4.90e-01
  0  0   5.07e-01
  0  0   5.35e-01
  0  0   5.81e-01
  0  0   6.57e-01
  0  0   7.71e-01
  0  0   8.92e-01
  0  0   9.56e-01
  0  0   9.94e-01
  0  0   1.02e+00
  0  0   1.01e+00
  0  0   9.71e-01
  0  0   9.41e-01
  0  0   9.07e-01
  0  0   8.70e-01
  0  0   8.44e-01
  0  0   8.38e-01
  0  0   8.59e-01
  0  0   9.07e-01
  0  0   9.83e-01
  0  0   1.07e+00
  0  0   1.15e+00
  7  9   3.83e-01
  0  0   3.85e-01
  0  0   3.88e-01
  0  0   3.94e-01
  0  0   4.04e-01
  0  0   4.20e-01
  0  0   4.43e-01
  0  0   4.69e-01
  0  0   4.85e-01
  0  0   5.10e-01
  0  0   5.54e-01
  0  0   6.09e-01
  0  0   6.54e-01
  0  0   6.65e-01
  0  0   6.47e-01
  0  0   6.19e-01
  0  0   5.96e-01
  0  0   5.82e-01
  0  0   5.62e-01
  0  0   5.27e-01
  0  0   4.74e-01
  0  0   4.04e-01
  0  0   3.28e-01
  7 10   6.56e-01
  0  0   6.54e-01
  0  0   6.51e-01
  0  0   6.46e-01
  0  0   6.37e-01
  0  0   6.24e-01
  0  0   6.03e-01
  0  0   5.77e-01
  0  0   5.52e-01
  0  0   5.44e-01
  0  0   5.63e-01
  0  0   6.07e-01
  0  0   6.55e-01
  0  0   6.73e-01
  0  0   6.58e-01
  0  0   6.13e-01
  0  0   5.50e-01
  0  0   4.78e-01
  0  0   4.04e-01
  0  0   3.31e-01
  0  0   2.66e-01
  0  0   2.08e-01
  0  0   1.57e-01
  8  9   5.90e+00
  0  0   5.92e+00
  0  0   5.95e+00
  0  0   6.00e+00
  0  0   6.09e+00
  0  0   6.23e+00
  0  0   6.44e+00
  0  0   6.67e+00
  0  0   6.83e+00
  0  0   6.95e+00
  0  0   7.03e+00
  0  0   7.03e+00
  0  0   6.85e+00
  0  0   6.46e+00
  0  0   5.89e+00
  0  0   5.25e+00
  0  0   4.63e+00
  0  0   4.07e+00
  0  0   3.54e+00
  0  0   3.01e+00
  0  0   2.51e+00
  0  0   2.01e+00
  0  0   1.57e+00
  8 10   1.58e-01
  0  0   1.57e-01
  0  0   1.56e-01
  0  0   1.55e-01
  0  0   1.52e-01
  0  0   1.48e-01
  0  0   1.41e-01
  0  0   1.33e-01
  0  0   1.25e-01
  0  0   1.20e-01
  0  0   1.21e-01
  0  0   1.25e-01
  0  0   1.31e-01
  0  0   1.34e-01
  0  0   1.36e-01
  0  0   1.36e-01
  0  0   1.36e-01
  0  0   1.34e-01
  0  0   1.27e-01
  0  0   1.16e-01
  0  0   1.00e-01
  0  0   8.27e-02
  0  0   6.54e-02
  9 10   6.94e-02
  0  0   6.92e-02
  0  0   6.89e-02
  0  0   6.84e-02
  0  0   6.75e-02
  0  0   6.61e-02
  0  0   6.40e-02
  0  0   6.21e-02
  0  0   6.27e-02
  0  0   6.94e-02
  0  0   8.30e-02
  0  0   9.86e-02
  0  0   1.08e-01
  0  0   1.06e-01
  0  0   9.52e-02
  0  0   7.88e-02
  0  0   6.36e-02
  0  0   5.68e-02
  0  0   7.50e-02
  0  0   1.24e-01
  0  0   1.98e-01
  0  0   2.92e-01
  0  0   3.88e-01
 0 0 0
  1  2   2.290e-06
  1  3   5.916e+01
  1  4   1.380e+00
  1  5   8.200e-04
  1  6   2.423e+08
  1  7   0.000e+00
  1  8   7.457e+08
  1  9   2.694e+09
  1 10   6.757e+08
  2  3   6.710e+01
  2  4   8.353e+00
  2  5   4.279e+01
  2  6   4.790e+07
  2  7   2.893e+08
  2  8   1.473e+09
  2  9   1.359e+09
  2 10   3.378e+09
  3  4   0.000e+00
  3  5   0.000e+00
  3  6   0.000e+00
  3  7   0.000e+00
  3  8   0.000e+00
  3  9   0.000e+00
  3 10   0.000e+00
  4  5   0.000e+00
  4  6   0.000e+00
  4  7   0.000e+00
  4  8   0.000e+00
  4  9   0.000e+00
  4 10   0.000e+00
  5  6   0.000e+00
  5  7   0.000e+00
  5  8   0.000e+00
  5  9   0.000e+00
  5 10   0.000e+00
  6  7   0.000e+00
  6  8   0.000e+00
  6  9   0.000e+00
  6 10   0.000e+00
  7  8   0.000e+00
  7  9   0.000e+00
  7 10   0.000e+00
  8  9   0.000e+00
  8 10   0.000e+00
  9 10   0.000e+00
  1  2        0.0
  2  4       63.4
  3  2    43003.2
  4  4    43024.2
  5  6    43053.4
  6  4    74932.6
  7  6    74930.1
  8  2    96493.7
  9  2   110624.2
 10  4   110665.6
