 30
** Atomic data from version 7 of the CHIANTI database **
%energy levels: Fuhr, J.R., Kelleher, D.E., Martin, W.C., Musgrove, A., Sugar, J., Wiese, W.L.,
        Dalton, G.R., Dragoset, R.A., Mohr, P.J., Olsen, K., Reader, J., Saloman, E.B., Sansonetti, C.J.,
        Wiersma, G., "NIST Atomic Spectra Database" Ver. 2.0, March 1999, NIST Physical Reference Data.
% Theoretical energy levels: Badnell, N.R., Pindzola, M.S., 2000, J.Phys.B, 33, 1013
%produced as part of the Arcetri/Cambridge/NRL 'CHIANTI' atomic data base collaboration
%
% E. Landi Jun 2001
%filename: c_4.wgfa
%observed energy levels: Fuhr, J.R., et al., "NIST Atomic Spectra Database" Ver. 2.0, 
    March 1999, NIST Physical Reference Data.
%oscillator strengths: Martin, I., Karwowski, J., Diercksen, G.H.F., Barrientos, C., 1993, A&AS, 100, 595.
%oscillator strengths: W.L. Wiese, M.W. Smith, B.M. Glennon, Atomic Transition Probabilities, 
    Vol I, NSRDS-NBS 4, 1966.
%produced as part of the Arcetri/Cambridge/NRL 'CHIANTI' atomic data base collaboration
%
% E.Landi Jun 2001

%filename: c_4.splups
%oscillator strengths: Martin, I., Karwowski, J., Diercksen, G.H.F., Barrientos, C., 1993, A&AS, 100, 595
%oscillator strengths: W.L. Wiese, M.W. Smith, B.M. Glennon, Atomic Transition Probabilities,
    Vol I, NSRDS-NBS 4, 1966
%collision strengths: Badnell, N.R., Pindzola, M.S., 2000, J.Phys.B, 33, 1013
%comment: the original effective collision strengths are provided in LS coupling. These 
    have been transformed into intermediate coupling effective collision strengths 
    according to the statistical weights
%comment: the original data are given in the temperature range 4.2 < Log T < 6.5.
%produced as part of the Arcetri/Cambridge/NRL 'CHIANTI' atomic data base collaboration
%
% Enrico Landi Jun 2001
15 23
  1  1s2.2s 2S1/2
  2  1s2.2p 2P1/2
  3  1s2.2p 2P3/2
  4  1s2.3s 2S1/2
  5  1s2.3p 2P1/2
  6  1s2.3p 2P3/2
  7  1s2.3d 2D3/2
  8  1s2.3d 2D5/2
  9  1s2.4s 2S1/2
 10  1s2.4p 2P1/2
 11  1s2.4p 2P3/2
 12  1s2.4d 2D3/2
 13  1s2.4d 2D5/2
 14  1s2.4f 2F5/2
 15  1s2.4f 2F7/2
     100.0
     158.5
     251.2
     398.1
     631.0
    1000.0
    1584.9
    2511.9
    3981.1
    6309.6
   10000.0
   15848.9
   25118.9
   39810.7
   63095.8
  100000.0
  158489.2
  251188.7
  398107.1
  630957.6
 1000000.0
 1584892.5
 2511887.0
0
  1  2   2.83e+00
  0  0   2.83e+00
  0  0   2.83e+00
  0  0   2.83e+00
  0  0   2.83e+00
  0  0   2.83e+00
  0  0   2.84e+00
  0  0   2.84e+00
  0  0   2.84e+00
  0  0   2.84e+00
  0  0   2.85e+00
  0  0   2.87e+00
  0  0   2.91e+00
  0  0   2.99e+00
  0  0   3.10e+00
  0  0   3.20e+00
  0  0   3.39e+00
  0  0   3.65e+00
  0  0   3.95e+00
  0  0   4.33e+00
  0  0   4.79e+00
  0  0   5.32e+00
  0  0   5.88e+00
  1  3   5.60e+00
  0  0   5.60e+00
  0  0   5.60e+00
  0  0   5.60e+00
  0  0   5.61e+00
  0  0   5.61e+00
  0  0   5.61e+00
  0  0   5.62e+00
  0  0   5.63e+00
  0  0   5.65e+00
  0  0   5.68e+00
  0  0   5.73e+00
  0  0   5.82e+00
  0  0   5.96e+00
  0  0   6.17e+00
  0  0   6.43e+00
  0  0   6.79e+00
  0  0   7.30e+00
  0  0   7.91e+00
  0  0   8.66e+00
  0  0   9.57e+00
  0  0   1.06e+01
  0  0   1.18e+01
  1  4   6.55e-01
  0  0   6.55e-01
  0  0   6.54e-01
  0  0   6.53e-01
  0  0   6.52e-01
  0  0   6.49e-01
  0  0   6.46e-01
  0  0   6.40e-01
  0  0   6.32e-01
  0  0   6.18e-01
  0  0   5.97e-01
  0  0   5.67e-01
  0  0   5.23e-01
  0  0   4.67e-01
  0  0   4.21e-01
  0  0   3.95e-01
  0  0   3.69e-01
  0  0   3.54e-01
  0  0   3.56e-01
  0  0   3.58e-01
  0  0   3.64e-01
  0  0   3.77e-01
  0  0   3.90e-01
  1  5   1.26e-01
  0  0   1.26e-01
  0  0   1.26e-01
  0  0   1.26e-01
  0  0   1.25e-01
  0  0   1.25e-01
  0  0   1.24e-01
  0  0   1.23e-01
  0  0   1.22e-01
  0  0   1.19e-01
  0  0   1.16e-01
  0  0   1.10e-01
  0  0   1.03e-01
  0  0   9.44e-02
  0  0   8.77e-02
  0  0   8.41e-02
  0  0   7.98e-02
  0  0   7.90e-02
  0  0   8.46e-02
  0  0   9.56e-02
  0  0   1.15e-01
  0  0   1.43e-01
  0  0   1.81e-01
  1  6   2.49e-01
  0  0   2.49e-01
  0  0   2.49e-01
  0  0   2.48e-01
  0  0   2.48e-01
  0  0   2.47e-01
  0  0   2.46e-01
  0  0   2.44e-01
  0  0   2.41e-01
  0  0   2.37e-01
  0  0   2.30e-01
  0  0   2.20e-01
  0  0   2.06e-01
  0  0   1.90e-01
  0  0   1.76e-01
  0  0   1.68e-01
  0  0   1.59e-01
  0  0   1.58e-01
  0  0   1.69e-01
  0  0   1.91e-01
  0  0   2.29e-01
  0  0   2.86e-01
  0  0   3.62e-01
  1  7   1.81e-01
  0  0   1.81e-01
  0  0   1.81e-01
  0  0   1.81e-01
  0  0   1.81e-01
  0  0   1.81e-01
  0  0   1.82e-01
  0  0   1.82e-01
  0  0   1.82e-01
  0  0   1.82e-01
  0  0   1.83e-01
  0  0   1.84e-01
  0  0   1.85e-01
  0  0   1.87e-01
  0  0   1.89e-01
  0  0   1.92e-01
  0  0   1.97e-01
  0  0   2.07e-01
  0  0   2.25e-01
  0  0   2.50e-01
  0  0   2.81e-01
  0  0   3.18e-01
  0  0   3.51e-01
  1  8   2.72e-01
  0  0   2.72e-01
  0  0   2.72e-01
  0  0   2.72e-01
  0  0   2.72e-01
  0  0   2.72e-01
  0  0   2.72e-01
  0  0   2.73e-01
  0  0   2.73e-01
  0  0   2.73e-01
  0  0   2.74e-01
  0  0   2.75e-01
  0  0   2.77e-01
  0  0   2.80e-01
  0  0   2.83e-01
  0  0   2.88e-01
  0  0   2.95e-01
  0  0   3.08e-01
  0  0   3.44e-01
  0  0   3.84e-01
  0  0   4.16e-01
  0  0   4.75e-01
  0  0   5.28e-01
  1  9   1.21e-01
  0  0   1.21e-01
  0  0   1.21e-01
  0  0   1.21e-01
  0  0   1.21e-01
  0  0   1.20e-01
  0  0   1.19e-01
  0  0   1.18e-01
  0  0   1.16e-01
  0  0   1.13e-01
  0  0   1.08e-01
  0  0   1.01e-01
  0  0   9.16e-02
  0  0   8.02e-02
  0  0   7.18e-02
  0  0   6.88e-02
  0  0   6.43e-02
  0  0   6.18e-02
  0  0   6.46e-02
  0  0   6.56e-02
  0  0   6.59e-02
  0  0   6.91e-02
  0  0   7.22e-02
  1 10   3.46e-02
  0  0   3.46e-02
  0  0   3.46e-02
  0  0   3.46e-02
  0  0   3.45e-02
  0  0   3.45e-02
  0  0   3.44e-02
  0  0   3.43e-02
  0  0   3.40e-02
  0  0   3.37e-02
  0  0   3.32e-02
  0  0   3.24e-02
  0  0   3.13e-02
  0  0   2.97e-02
  0  0   2.79e-02
  0  0   2.60e-02
  0  0   2.48e-02
  0  0   2.45e-02
  0  0   2.51e-02
  0  0   2.73e-02
  0  0   3.16e-02
  0  0   3.78e-02
  0  0   4.62e-02
  1 11   6.92e-02
  0  0   6.92e-02
  0  0   6.92e-02
  0  0   6.92e-02
  0  0   6.91e-02
  0  0   6.90e-02
  0  0   6.88e-02
  0  0   6.85e-02
  0  0   6.81e-02
  0  0   6.74e-02
  0  0   6.64e-02
  0  0   6.48e-02
  0  0   6.26e-02
  0  0   5.95e-02
  0  0   5.57e-02
  0  0   5.20e-02
  0  0   4.97e-02
  0  0   4.90e-02
  0  0   5.02e-02
  0  0   5.46e-02
  0  0   6.32e-02
  0  0   7.57e-02
  0  0   9.25e-02
  1 12   3.45e-02
  0  0   3.45e-02
  0  0   3.45e-02
  0  0   3.45e-02
  0  0   3.46e-02
  0  0   3.46e-02
  0  0   3.47e-02
  0  0   3.47e-02
  0  0   3.49e-02
  0  0   3.51e-02
  0  0   3.55e-02
  0  0   3.60e-02
  0  0   3.68e-02
  0  0   3.77e-02
  0  0   3.76e-02
  0  0   3.55e-02
  0  0   3.66e-02
  0  0   3.81e-02
  0  0   4.05e-02
  0  0   4.44e-02
  0  0   4.95e-02
  0  0   5.61e-02
  0  0   6.22e-02
  1 13   5.17e-02
  0  0   5.18e-02
  0  0   5.18e-02
  0  0   5.18e-02
  0  0   5.18e-02
  0  0   5.19e-02
  0  0   5.20e-02
  0  0   5.21e-02
  0  0   5.23e-02
  0  0   5.27e-02
  0  0   5.32e-02
  0  0   5.40e-02
  0  0   5.51e-02
  0  0   5.66e-02
  0  0   5.65e-02
  0  0   5.32e-02
  0  0   5.49e-02
  0  0   5.71e-02
  0  0   6.08e-02
  0  0   6.66e-02
  0  0   7.43e-02
  0  0   8.41e-02
  0  0   9.33e-02
  1 14   3.16e-02
  0  0   3.16e-02
  0  0   3.16e-02
  0  0   3.16e-02
  0  0   3.16e-02
  0  0   3.16e-02
  0  0   3.16e-02
  0  0   3.16e-02
  0  0   3.16e-02
  0  0   3.15e-02
  0  0   3.15e-02
  0  0   3.15e-02
  0  0   3.16e-02
  0  0   3.12e-02
  0  0   2.96e-02
  0  0   2.75e-02
  0  0   2.63e-02
  0  0   2.56e-02
  0  0   2.52e-02
  0  0   2.53e-02
  0  0   2.57e-02
  0  0   2.61e-02
  0  0   2.64e-02
  1 15   4.21e-02
  0  0   4.21e-02
  0  0   4.21e-02
  0  0   4.21e-02
  0  0   4.21e-02
  0  0   4.21e-02
  0  0   4.21e-02
  0  0   4.21e-02
  0  0   4.21e-02
  0  0   4.21e-02
  0  0   4.21e-02
  0  0   4.21e-02
  0  0   4.21e-02
  0  0   4.16e-02
  0  0   3.95e-02
  0  0   3.66e-02
  0  0   3.50e-02
  0  0   3.42e-02
  0  0   3.35e-02
  0  0   3.37e-02
  0  0   3.43e-02
  0  0   3.48e-02
  0  0   3.52e-02
 0 0 0
  1  2   2.630e+08
  1  3   2.650e+08
  1  4   0.000e+00
  1  5   4.550e+09
  1  6   4.570e+09
  1  7   0.000e+00
  1  8   0.000e+00
  1  9   0.000e+00
  1 10   2.210e+09
  1 11   2.210e+09
  1 12   0.000e+00
  1 13   0.000e+00
  1 14   0.000e+00
  1 15   0.000e+00
  2  3   0.000e+00
  2  4   1.430e+09
  2  5   0.000e+00
  2  6   0.000e+00
  2  7   1.480e+10
  2  8   0.000e+00
  2  9   5.850e+08
  2 10   0.000e+00
  2 11   0.000e+00
  2 12   4.850e+09
  2 13   0.000e+00
  2 14   0.000e+00
  2 15   0.000e+00
  3  4   2.850e+09
  3  5   0.000e+00
  3  6   0.000e+00
  3  7   2.960e+09
  3  8   1.770e+10
  3  9   1.170e+09
  3 10   0.000e+00
  3 11   0.000e+00
  3 12   9.690e+08
  3 13   5.820e+09
  3 14   0.000e+00
  3 15   0.000e+00
  4  5   0.000e+00
  4  6   0.000e+00
  4  7   0.000e+00
  4  8   0.000e+00
  4  9   0.000e+00
  4 10   0.000e+00
  4 11   0.000e+00
  4 12   0.000e+00
  4 13   0.000e+00
  4 14   0.000e+00
  4 15   0.000e+00
  5  6   0.000e+00
  5  7   0.000e+00
  5  8   0.000e+00
  5  9   0.000e+00
  5 10   0.000e+00
  5 11   0.000e+00
  5 12   0.000e+00
  5 13   0.000e+00
  5 14   0.000e+00
  5 15   0.000e+00
  6  7   0.000e+00
  6  8   0.000e+00
  6  9   0.000e+00
  6 10   0.000e+00
  6 11   0.000e+00
  6 12   0.000e+00
  6 13   0.000e+00
  6 14   0.000e+00
  6 15   0.000e+00
  7  8   0.000e+00
  7  9   0.000e+00
  7 10   0.000e+00
  7 11   0.000e+00
  7 12   0.000e+00
  7 13   0.000e+00
  7 14   3.310e+09
  7 15   0.000e+00
  8  9   0.000e+00
  8 10   0.000e+00
  8 11   0.000e+00
  8 12   0.000e+00
  8 13   0.000e+00
  8 14   0.000e+00
  8 15   3.550e+09
  9 10   0.000e+00
  9 11   0.000e+00
  9 12   0.000e+00
  9 13   0.000e+00
  9 14   0.000e+00
  9 15   0.000e+00
 10 11   0.000e+00
 10 12   0.000e+00
 10 13   0.000e+00
 10 14   0.000e+00
 10 15   0.000e+00
 11 12   0.000e+00
 11 13   0.000e+00
 11 14   0.000e+00
 11 15   0.000e+00
 12 13   0.000e+00
 12 14   0.000e+00
 12 15   0.000e+00
 13 14   0.000e+00
 13 15   0.000e+00
 14 15   0.000e+00
  1  2        0.0
  2  2    64484.0
  3  4    64591.7
  4  2   302849.0
  5  2   320050.1
  6  4   320081.7
  7  4   324879.8
  8  6   324890.3
  9  2   401348.1
 10  2   408311.1
 11  4   408324.2
 12  4   410336.1
 13  6   410340.1
 14  6   410434.2
 15  8   410434.2
