24
** Atomic data from version 9 of the CHIANTI database **
%filename: k_5.elvlc
%observed energies: Fuhr, J.R., et al., "NIST Atomic Spectra Database" Ver. 2.0, March 1999, NIST Physical Reference Data
%theoretical energies: Wilson, N. J., Bell, K. L. 2001, MNRAS 325, 159
% produced as part of the Arcetri/Cambridge/NRL 'CHIANTI' atomic data base collaboration
%
% P.R. Young - 12 Jun 2002
%filename: k_5.wgfa
%observed energies: Fuhr, J.R., et al., "NIST Atomic Spectra Database" Ver. 2.0, March 1999, NIST Physical Reference Data
%A-values: Mendoza, C., Zeippen, C.J. 1982, MNRAS 198, 127
%comment: corrected typo for 1-5 transition
% produced as part of the Arcetri/Cambridge/NRL 'CHIANTI' atomic data base collaboration
%
% P.R. Young - 30-Mar-2010
%File processed with wgfa_tidy by pryoung on  6-Mar-2019
-1
%filename: k_5.splups
%theoretical energy levels: Wilson, N. J., Bell, K. L. 2001, MNRAS 325, 159
%effective collision strengths: Wilson, N. J., Bell, K. L. 2001, MNRAS 325, 159
%comment: Note that Wilson & Bell only give LS energy levels. The energies
    for the fine structure splittings have been taken from experimental values.
%produced as part of the Arcetri/Cambridge/NRL 'CHIANTI' atomic data base collaboration
%
% P.R.Young - 12-Jun-02
5 23
  1  3s2.3p3 4S1
  2  3s2.3p3 2D1
  3  3s2.3p3 2D2
  4  3s2.3p3 2P0
  5  3s2.3p3 2P1
     100.0
     158.5
     251.2
     398.1
     631.0
    1000.0
    1584.9
    2511.9
    3981.1
    6309.6
   10000.0
   15848.9
   25118.9
   39810.7
   63095.7
  100000.0
  158489.3
  251188.6
  398107.2
  630957.3
 1000000.0
 1584893.2
 2511886.4
0
  1  2   8.11e-01
  0  0   8.11e-01
  0  0   8.11e-01
  0  0   8.12e-01
  0  0   8.17e-01
  0  0   8.29e-01
  0  0   8.59e-01
  0  0   9.22e-01
  0  0   1.04e+00
  0  0   1.20e+00
  0  0   1.37e+00
  0  0   1.42e+00
  0  0   1.37e+00
  0  0   1.26e+00
  0  0   1.15e+00
  0  0   1.04e+00
  0  0   9.28e-01
  0  0   8.37e-01
  0  0   7.66e-01
  0  0   7.16e-01
  0  0   6.82e-01
  0  0   6.59e-01
  0  0   6.44e-01
  1  3   1.21e+00
  0  0   1.21e+00
  0  0   1.21e+00
  0  0   1.21e+00
  0  0   1.22e+00
  0  0   1.24e+00
  0  0   1.29e+00
  0  0   1.38e+00
  0  0   1.55e+00
  0  0   1.81e+00
  0  0   2.05e+00
  0  0   2.13e+00
  0  0   2.05e+00
  0  0   1.89e+00
  0  0   1.73e+00
  0  0   1.55e+00
  0  0   1.39e+00
  0  0   1.25e+00
  0  0   1.15e+00
  0  0   1.07e+00
  0  0   1.02e+00
  0  0   9.82e-01
  0  0   9.59e-01
  1  4   2.16e+00
  0  0   2.15e+00
  0  0   2.14e+00
  0  0   2.11e+00
  0  0   2.08e+00
  0  0   2.02e+00
  0  0   1.94e+00
  0  0   1.82e+00
  0  0   1.66e+00
  0  0   1.45e+00
  0  0   1.23e+00
  0  0   9.99e-01
  0  0   8.05e-01
  0  0   6.57e-01
  0  0   5.49e-01
  0  0   4.68e-01
  0  0   4.07e-01
  0  0   3.61e-01
  0  0   3.28e-01
  0  0   3.06e-01
  0  0   2.91e-01
  0  0   2.81e-01
  0  0   2.74e-01
  1  5   4.34e+00
  0  0   4.32e+00
  0  0   4.29e+00
  0  0   4.24e+00
  0  0   4.16e+00
  0  0   4.05e+00
  0  0   3.88e+00
  0  0   3.64e+00
  0  0   3.32e+00
  0  0   2.91e+00
  0  0   2.45e+00
  0  0   2.00e+00
  0  0   1.61e+00
  0  0   1.32e+00
  0  0   1.10e+00
  0  0   9.37e-01
  0  0   8.15e-01
  0  0   7.25e-01
  0  0   6.61e-01
  0  0   6.17e-01
  0  0   5.87e-01
  0  0   5.68e-01
  0  0   5.56e-01
  2  3   7.29e+00
  0  0   7.31e+00
  0  0   7.34e+00
  0  0   7.40e+00
  0  0   7.48e+00
  0  0   7.59e+00
  0  0   7.74e+00
  0  0   7.92e+00
  0  0   8.11e+00
  0  0   8.24e+00
  0  0   8.20e+00
  0  0   7.94e+00
  0  0   7.46e+00
  0  0   6.92e+00
  0  0   6.50e+00
  0  0   6.25e+00
  0  0   6.14e+00
  0  0   6.11e+00
  0  0   6.12e+00
  0  0   6.14e+00
  0  0   6.15e+00
  0  0   6.17e+00
  0  0   6.18e+00
  2  4   2.64e+00
  0  0   2.62e+00
  0  0   2.60e+00
  0  0   2.57e+00
  0  0   2.52e+00
  0  0   2.45e+00
  0  0   2.35e+00
  0  0   2.23e+00
  0  0   2.10e+00
  0  0   1.98e+00
  0  0   1.90e+00
  0  0   1.85e+00
  0  0   1.79e+00
  0  0   1.75e+00
  0  0   1.78e+00
  0  0   1.87e+00
  0  0   1.99e+00
  0  0   2.10e+00
  0  0   2.18e+00
  0  0   2.25e+00
  0  0   2.29e+00
  0  0   2.33e+00
  0  0   2.35e+00
  2  5   5.43e+00
  0  0   5.39e+00
  0  0   5.33e+00
  0  0   5.25e+00
  0  0   5.13e+00
  0  0   4.94e+00
  0  0   4.70e+00
  0  0   4.38e+00
  0  0   4.02e+00
  0  0   3.67e+00
  0  0   3.38e+00
  0  0   3.14e+00
  0  0   2.91e+00
  0  0   2.73e+00
  0  0   2.63e+00
  0  0   2.62e+00
  0  0   2.65e+00
  0  0   2.70e+00
  0  0   2.74e+00
  0  0   2.78e+00
  0  0   2.80e+00
  0  0   2.82e+00
  0  0   2.83e+00
  3  4   4.08e+00
  0  0   4.06e+00
  0  0   4.01e+00
  0  0   3.95e+00
  0  0   3.85e+00
  0  0   3.71e+00
  0  0   3.52e+00
  0  0   3.28e+00
  0  0   3.00e+00
  0  0   2.73e+00
  0  0   2.50e+00
  0  0   2.31e+00
  0  0   2.13e+00
  0  0   1.98e+00
  0  0   1.90e+00
  0  0   1.88e+00
  0  0   1.88e+00
  0  0   1.91e+00
  0  0   1.93e+00
  0  0   1.95e+00
  0  0   1.96e+00
  0  0   1.97e+00
  0  0   1.97e+00
  3  5   7.99e+00
  0  0   7.94e+00
  0  0   7.87e+00
  0  0   7.76e+00
  0  0   7.60e+00
  0  0   7.37e+00
  0  0   7.05e+00
  0  0   6.64e+00
  0  0   6.19e+00
  0  0   5.75e+00
  0  0   5.42e+00
  0  0   5.17e+00
  0  0   4.92e+00
  0  0   4.74e+00
  0  0   4.73e+00
  0  0   4.87e+00
  0  0   5.08e+00
  0  0   5.29e+00
  0  0   5.46e+00
  0  0   5.59e+00
  0  0   5.68e+00
  0  0   5.74e+00
  0  0   5.78e+00
  4  5   1.46e+00
  0  0   1.45e+00
  0  0   1.43e+00
  0  0   1.39e+00
  0  0   1.35e+00
  0  0   1.28e+00
  0  0   1.20e+00
  0  0   1.12e+00
  0  0   1.08e+00
  0  0   1.11e+00
  0  0   1.26e+00
  0  0   1.51e+00
  0  0   1.78e+00
  0  0   2.02e+00
  0  0   2.20e+00
  0  0   2.32e+00
  0  0   2.40e+00
  0  0   2.46e+00
  0  0   2.49e+00
  0  0   2.51e+00
  0  0   2.53e+00
  0  0   2.53e+00
  0  0   2.54e+00
 0 0 0
  1  2   8.840e-02
  1  3   4.590e-03
  1  4   2.140e+00
  1  5   5.190e+00
  2  3   1.420e-04
  2  4   1.250e+00
  2  5   1.860e+00
  3  4   1.410e-01
  3  5   1.210e+00
  4  5   2.960e-04
  1  4        0.0
  2  4    24012.5
  3  6    24249.6
  4  2    39758.1
  5  4    40080.2
