 28
** Atomic data from version 7 of the CHIANTI database **
%observed energy levels: Fuhr, J.R., et al., 1999, "NIST Atomic Spectra Database" ver. 2.0
     March 1999. NIST Physical Reference Data
%theoretical energy levels: Bhatia & Landi, 2005, ADNDT, 89, 139
comment: the NIST energy of level 2s2.2p3(2D).3p 3P2 has been associated to level 2s2.2p3(2D)3p 1D2
%produced as part of the Arcetri/Cambridge/NRL 'CHIANTI' atomic data base collaboration
% 
% E. Landi - Sept 2003
%filename: ne_3.wgfa
%observed energy levels: Fuhr, J.R., et al., 1999, "NIST Atomic Spectra Database" ver. 2.0
     March 1999. NIST Physical Reference Data
%theoretical energy levels: Bhatia & Landi, 2005, ADNDT, 89, 139
%A-values (transitions 2-5, 4-5): Daw A., Parkinson W.H., Smith P.L., Calamai A.G., 2000, ApJ, 533, 179
%A values and oscillator strengths: Bhatia & Landi, 2005, ADNDT, 89, 139
%comment: The A-values from Daw et al. are experimentally determined and have
    accuracies of +/- 9% (2-5) and +/- 7% (4-5)
%produced as part of the Arcetri/Cambridge/NRL 'CHIANTI' atomic data base collaboration
%
% E. Landi - Feb 2004

%filename: ne_3.splups
%oscillator strengths: Landi & Bhatia 2005, ADNDT, 89, 139
%effective collision strengths within the ground configuration: McLaughlin B.M., Bell K.L., 2000, J.Phys.B, 33, 597
%Collision strengths: Landi & Bhatia 2005, ADNDT, 89, 139
%comment: effective collision strengths are provided in the temperature range 3.0 < Log T < 6.0
%produced as part of the Arcetri/Cambridge/NRL 'CHIANTI' atomic data base collaboration
%
% E. Landi - Nov 2003
 9 23
  1  2s2.2p4 3P2
  2  2s2.2p4 3P1
  3  2s2.2p4 3P0
  4  2s2.2p4 1D2
  5  2s2.2p4 1S0
  6  2s.2p5 3P2
  7  2s.2p5 3P1
  8  2s.2p5 3P0
  9  2s2.2p3(4S).3s 5S2
     100.0
     158.5
     251.2
     398.1
     631.0
    1000.0
    1584.9
    2511.9
    3981.1
    6309.6
   10000.0
   15848.9
   25118.9
   39810.7
   63095.8
  100000.0
  158489.2
  251188.7
  398107.1
  630957.6
 1000000.0
 1584892.5
 2511887.0
0
  1  2   6.92e-01
  0  0   6.92e-01
  0  0   6.93e-01
  0  0   6.95e-01
  0  0   6.97e-01
  0  0   7.01e-01
  0  0   7.07e-01
  0  0   7.17e-01
  0  0   7.30e-01
  0  0   7.46e-01
  0  0   7.59e-01
  0  0   7.57e-01
  0  0   7.50e-01
  0  0   1.00e+00
  0  0   2.35e+00
  0  0   5.39e+00
  0  0   8.67e+00
  0  0   1.05e+01
  0  0   1.02e+01
  0  0   8.49e+00
  0  0   6.61e+00
  0  0   5.16e+00
  0  0   4.15e+00
  1  3   1.92e-01
  0  0   1.92e-01
  0  0   1.92e-01
  0  0   1.92e-01
  0  0   1.93e-01
  0  0   1.94e-01
  0  0   1.95e-01
  0  0   1.98e-01
  0  0   2.01e-01
  0  0   2.05e-01
  0  0   2.07e-01
  0  0   2.05e-01
  0  0   2.01e-01
  0  0   2.23e-01
  0  0   3.61e-01
  0  0   6.72e-01
  0  0   1.01e+00
  0  0   1.20e+00
  0  0   1.17e+00
  0  0   9.84e-01
  0  0   7.79e-01
  0  0   6.18e-01
  0  0   5.06e-01
  1  4   6.56e-01
  0  0   6.56e-01
  0  0   6.57e-01
  0  0   6.57e-01
  0  0   6.58e-01
  0  0   6.60e-01
  0  0   6.62e-01
  0  0   6.66e-01
  0  0   6.72e-01
  0  0   6.80e-01
  0  0   6.90e-01
  0  0   7.00e-01
  0  0   7.06e-01
  0  0   7.19e-01
  0  0   7.47e-01
  0  0   7.81e-01
  0  0   8.10e-01
  0  0   8.10e-01
  0  0   7.79e-01
  0  0   7.05e-01
  0  0   6.08e-01
  0  0   5.25e-01
  0  0   4.65e-01
  1  5   8.47e-02
  0  0   8.47e-02
  0  0   8.47e-02
  0  0   8.46e-02
  0  0   8.46e-02
  0  0   8.45e-02
  0  0   8.43e-02
  0  0   8.41e-02
  0  0   8.38e-02
  0  0   8.34e-02
  0  0   8.29e-02
  0  0   8.26e-02
  0  0   8.33e-02
  0  0   8.68e-02
  0  0   9.32e-02
  0  0   1.01e-01
  0  0   1.07e-01
  0  0   1.09e-01
  0  0   1.05e-01
  0  0   9.48e-02
  0  0   8.11e-02
  0  0   6.94e-02
  0  0   6.10e-02
  1  6   2.80e+00
  0  0   2.80e+00
  0  0   2.80e+00
  0  0   2.80e+00
  0  0   2.80e+00
  0  0   2.81e+00
  0  0   2.81e+00
  0  0   2.81e+00
  0  0   2.81e+00
  0  0   2.82e+00
  0  0   2.83e+00
  0  0   2.85e+00
  0  0   2.88e+00
  0  0   2.92e+00
  0  0   2.98e+00
  0  0   3.08e+00
  0  0   3.22e+00
  0  0   3.43e+00
  0  0   3.70e+00
  0  0   4.07e+00
  0  0   4.54e+00
  0  0   5.09e+00
  0  0   5.73e+00
  1  7   9.47e-01
  0  0   9.47e-01
  0  0   9.47e-01
  0  0   9.47e-01
  0  0   9.47e-01
  0  0   9.47e-01
  0  0   9.48e-01
  0  0   9.49e-01
  0  0   9.50e-01
  0  0   9.53e-01
  0  0   9.56e-01
  0  0   9.62e-01
  0  0   9.71e-01
  0  0   9.85e-01
  0  0   1.01e+00
  0  0   1.04e+00
  0  0   1.09e+00
  0  0   1.15e+00
  0  0   1.24e+00
  0  0   1.37e+00
  0  0   1.52e+00
  0  0   1.70e+00
  0  0   1.92e+00
  1  8   2.94e-02
  0  0   2.94e-02
  0  0   2.94e-02
  0  0   2.94e-02
  0  0   2.94e-02
  0  0   2.94e-02
  0  0   2.94e-02
  0  0   2.93e-02
  0  0   2.93e-02
  0  0   2.93e-02
  0  0   2.92e-02
  0  0   2.90e-02
  0  0   2.88e-02
  0  0   2.85e-02
  0  0   2.80e-02
  0  0   2.73e-02
  0  0   2.63e-02
  0  0   2.48e-02
  0  0   2.27e-02
  0  0   2.01e-02
  0  0   1.71e-02
  0  0   1.39e-02
  0  0   1.07e-02
  1  9   7.53e-02
  0  0   7.53e-02
  0  0   7.53e-02
  0  0   7.53e-02
  0  0   7.53e-02
  0  0   7.53e-02
  0  0   7.52e-02
  0  0   7.51e-02
  0  0   7.50e-02
  0  0   7.48e-02
  0  0   7.45e-02
  0  0   7.40e-02
  0  0   7.33e-02
  0  0   7.21e-02
  0  0   7.03e-02
  0  0   6.76e-02
  0  0   6.36e-02
  0  0   5.81e-02
  0  0   5.09e-02
  0  0   4.22e-02
  0  0   3.31e-02
  0  0   2.50e-02
  0  0   1.83e-02
  2  3   2.09e-01
  0  0   2.10e-01
  0  0   2.10e-01
  0  0   2.11e-01
  0  0   2.11e-01
  0  0   2.13e-01
  0  0   2.15e-01
  0  0   2.18e-01
  0  0   2.23e-01
  0  0   2.29e-01
  0  0   2.34e-01
  0  0   2.35e-01
  0  0   2.36e-01
  0  0   3.05e-01
  0  0   6.81e-01
  0  0   1.54e+00
  0  0   2.52e+00
  0  0   3.10e+00
  0  0   3.08e+00
  0  0   2.60e+00
  0  0   2.03e+00
  0  0   1.57e+00
  0  0   1.25e+00
  2  4   3.94e-01
  0  0   3.94e-01
  0  0   3.94e-01
  0  0   3.94e-01
  0  0   3.95e-01
  0  0   3.96e-01
  0  0   3.97e-01
  0  0   4.00e-01
  0  0   4.03e-01
  0  0   4.08e-01
  0  0   4.14e-01
  0  0   4.20e-01
  0  0   4.24e-01
  0  0   4.32e-01
  0  0   4.48e-01
  0  0   4.69e-01
  0  0   4.85e-01
  0  0   4.86e-01
  0  0   4.68e-01
  0  0   4.23e-01
  0  0   3.65e-01
  0  0   3.16e-01
  0  0   2.81e-01
  2  5   5.00e-02
  0  0   5.00e-02
  0  0   5.00e-02
  0  0   5.00e-02
  0  0   5.00e-02
  0  0   5.00e-02
  0  0   5.00e-02
  0  0   5.00e-02
  0  0   5.00e-02
  0  0   5.00e-02
  0  0   5.00e-02
  0  0   4.99e-02
  0  0   5.00e-02
  0  0   5.20e-02
  0  0   5.60e-02
  0  0   6.00e-02
  0  0   6.40e-02
  0  0   6.50e-02
  0  0   6.30e-02
  0  0   5.70e-02
  0  0   4.90e-02
  0  0   4.19e-02
  0  0   3.68e-02
  2  6   9.51e-01
  0  0   9.51e-01
  0  0   9.51e-01
  0  0   9.51e-01
  0  0   9.51e-01
  0  0   9.52e-01
  0  0   9.52e-01
  0  0   9.53e-01
  0  0   9.54e-01
  0  0   9.57e-01
  0  0   9.60e-01
  0  0   9.65e-01
  0  0   9.74e-01
  0  0   9.87e-01
  0  0   1.01e+00
  0  0   1.04e+00
  0  0   1.08e+00
  0  0   1.15e+00
  0  0   1.24e+00
  0  0   1.37e+00
  0  0   1.52e+00
  0  0   1.70e+00
  0  0   1.91e+00
  2  7   6.15e-01
  0  0   6.15e-01
  0  0   6.15e-01
  0  0   6.15e-01
  0  0   6.15e-01
  0  0   6.15e-01
  0  0   6.15e-01
  0  0   6.16e-01
  0  0   6.17e-01
  0  0   6.18e-01
  0  0   6.20e-01
  0  0   6.23e-01
  0  0   6.28e-01
  0  0   6.36e-01
  0  0   6.47e-01
  0  0   6.65e-01
  0  0   6.92e-01
  0  0   7.30e-01
  0  0   7.83e-01
  0  0   8.52e-01
  0  0   9.38e-01
  0  0   1.04e+00
  0  0   1.17e+00
  2  8   7.06e-01
  0  0   7.06e-01
  0  0   7.06e-01
  0  0   7.06e-01
  0  0   7.06e-01
  0  0   7.07e-01
  0  0   7.07e-01
  0  0   7.08e-01
  0  0   7.09e-01
  0  0   7.11e-01
  0  0   7.14e-01
  0  0   7.18e-01
  0  0   7.26e-01
  0  0   7.37e-01
  0  0   7.54e-01
  0  0   7.80e-01
  0  0   8.20e-01
  0  0   8.76e-01
  0  0   9.55e-01
  0  0   1.06e+00
  0  0   1.18e+00
  0  0   1.34e+00
  0  0   1.51e+00
  2  9   4.49e-02
  0  0   4.49e-02
  0  0   4.49e-02
  0  0   4.49e-02
  0  0   4.49e-02
  0  0   4.49e-02
  0  0   4.48e-02
  0  0   4.48e-02
  0  0   4.47e-02
  0  0   4.46e-02
  0  0   4.44e-02
  0  0   4.41e-02
  0  0   4.37e-02
  0  0   4.30e-02
  0  0   4.19e-02
  0  0   4.03e-02
  0  0   3.80e-02
  0  0   3.47e-02
  0  0   3.03e-02
  0  0   2.51e-02
  0  0   1.98e-02
  0  0   1.49e-02
  0  0   1.07e-02
  3  4   1.31e-01
  0  0   1.31e-01
  0  0   1.31e-01
  0  0   1.31e-01
  0  0   1.32e-01
  0  0   1.32e-01
  0  0   1.32e-01
  0  0   1.33e-01
  0  0   1.34e-01
  0  0   1.36e-01
  0  0   1.38e-01
  0  0   1.40e-01
  0  0   1.41e-01
  0  0   1.44e-01
  0  0   1.49e-01
  0  0   1.56e-01
  0  0   1.62e-01
  0  0   1.62e-01
  0  0   1.56e-01
  0  0   1.42e-01
  0  0   1.24e-01
  0  0   1.09e-01
  0  0   9.84e-02
  3  5   1.71e-02
  0  0   1.71e-02
  0  0   1.71e-02
  0  0   1.71e-02
  0  0   1.70e-02
  0  0   1.70e-02
  0  0   1.70e-02
  0  0   1.70e-02
  0  0   1.70e-02
  0  0   1.69e-02
  0  0   1.70e-02
  0  0   1.81e-02
  0  0   2.48e-02
  0  0   4.23e-02
  0  0   6.77e-02
  0  0   9.62e-02
  0  0   1.16e-01
  0  0   1.22e-01
  0  0   1.12e-01
  0  0   9.12e-02
  0  0   7.12e-02
  0  0   5.62e-02
  0  0   4.59e-02
  3  6   3.19e-02
  0  0   3.19e-02
  0  0   3.19e-02
  0  0   3.19e-02
  0  0   3.19e-02
  0  0   3.19e-02
  0  0   3.19e-02
  0  0   3.19e-02
  0  0   3.18e-02
  0  0   3.18e-02
  0  0   3.17e-02
  0  0   3.16e-02
  0  0   3.13e-02
  0  0   3.10e-02
  0  0   3.05e-02
  0  0   2.97e-02
  0  0   2.85e-02
  0  0   2.69e-02
  0  0   2.47e-02
  0  0   2.19e-02
  0  0   1.86e-02
  0  0   1.52e-02
  0  0   1.18e-02
  3  7   7.03e-01
  0  0   7.03e-01
  0  0   7.03e-01
  0  0   7.03e-01
  0  0   7.04e-01
  0  0   7.04e-01
  0  0   7.04e-01
  0  0   7.05e-01
  0  0   7.06e-01
  0  0   7.08e-01
  0  0   7.11e-01
  0  0   7.16e-01
  0  0   7.23e-01
  0  0   7.35e-01
  0  0   7.53e-01
  0  0   7.80e-01
  0  0   8.19e-01
  0  0   8.75e-01
  0  0   9.52e-01
  0  0   1.05e+00
  0  0   1.18e+00
  0  0   1.34e+00
  0  0   1.51e+00
  3  8   2.16e-02
  0  0   2.16e-02
  0  0   2.16e-02
  0  0   2.16e-02
  0  0   2.16e-02
  0  0   2.16e-02
  0  0   2.16e-02
  0  0   2.16e-02
  0  0   2.15e-02
  0  0   2.15e-02
  0  0   2.14e-02
  0  0   2.13e-02
  0  0   2.12e-02
  0  0   2.10e-02
  0  0   2.06e-02
  0  0   2.01e-02
  0  0   1.93e-02
  0  0   1.82e-02
  0  0   1.66e-02
  0  0   1.47e-02
  0  0   1.25e-02
  0  0   1.01e-02
  0  0   7.54e-03
  3  9   1.53e-02
  0  0   1.53e-02
  0  0   1.53e-02
  0  0   1.53e-02
  0  0   1.53e-02
  0  0   1.53e-02
  0  0   1.52e-02
  0  0   1.52e-02
  0  0   1.52e-02
  0  0   1.52e-02
  0  0   1.51e-02
  0  0   1.50e-02
  0  0   1.48e-02
  0  0   1.46e-02
  0  0   1.42e-02
  0  0   1.36e-02
  0  0   1.28e-02
  0  0   1.17e-02
  0  0   1.02e-02
  0  0   8.40e-03
  0  0   6.63e-03
  0  0   4.99e-03
  0  0   3.58e-03
  4  5   3.47e-01
  0  0   3.47e-01
  0  0   3.46e-01
  0  0   3.46e-01
  0  0   3.45e-01
  0  0   3.43e-01
  0  0   3.41e-01
  0  0   3.38e-01
  0  0   3.32e-01
  0  0   3.25e-01
  0  0   3.16e-01
  0  0   3.06e-01
  0  0   3.01e-01
  0  0   3.02e-01
  0  0   3.09e-01
  0  0   3.17e-01
  0  0   3.21e-01
  0  0   3.19e-01
  0  0   3.17e-01
  0  0   3.14e-01
  0  0   3.12e-01
  0  0   3.11e-01
  0  0   3.10e-01
  4  6   2.88e-01
  0  0   2.88e-01
  0  0   2.88e-01
  0  0   2.88e-01
  0  0   2.88e-01
  0  0   2.88e-01
  0  0   2.88e-01
  0  0   2.88e-01
  0  0   2.87e-01
  0  0   2.87e-01
  0  0   2.86e-01
  0  0   2.85e-01
  0  0   2.83e-01
  0  0   2.79e-01
  0  0   2.74e-01
  0  0   2.67e-01
  0  0   2.56e-01
  0  0   2.41e-01
  0  0   2.19e-01
  0  0   1.92e-01
  0  0   1.61e-01
  0  0   1.30e-01
  0  0   9.95e-02
  4  7   1.76e-01
  0  0   1.76e-01
  0  0   1.76e-01
  0  0   1.76e-01
  0  0   1.76e-01
  0  0   1.76e-01
  0  0   1.76e-01
  0  0   1.76e-01
  0  0   1.76e-01
  0  0   1.75e-01
  0  0   1.75e-01
  0  0   1.74e-01
  0  0   1.73e-01
  0  0   1.71e-01
  0  0   1.68e-01
  0  0   1.63e-01
  0  0   1.56e-01
  0  0   1.47e-01
  0  0   1.34e-01
  0  0   1.17e-01
  0  0   9.80e-02
  0  0   7.87e-02
  0  0   6.02e-02
  4  8   5.93e-02
  0  0   5.93e-02
  0  0   5.92e-02
  0  0   5.92e-02
  0  0   5.92e-02
  0  0   5.92e-02
  0  0   5.92e-02
  0  0   5.91e-02
  0  0   5.91e-02
  0  0   5.90e-02
  0  0   5.88e-02
  0  0   5.85e-02
  0  0   5.81e-02
  0  0   5.74e-02
  0  0   5.64e-02
  0  0   5.49e-02
  0  0   5.26e-02
  0  0   4.94e-02
  0  0   4.50e-02
  0  0   3.94e-02
  0  0   3.30e-02
  0  0   2.65e-02
  0  0   2.03e-02
  4  9   7.94e-06
  0  0   7.94e-06
  0  0   7.94e-06
  0  0   7.94e-06
  0  0   7.93e-06
  0  0   7.93e-06
  0  0   7.92e-06
  0  0   7.92e-06
  0  0   7.90e-06
  0  0   7.88e-06
  0  0   7.85e-06
  0  0   7.80e-06
  0  0   7.72e-06
  0  0   7.60e-06
  0  0   7.42e-06
  0  0   7.14e-06
  0  0   6.74e-06
  0  0   6.18e-06
  0  0   5.43e-06
  0  0   4.53e-06
  0  0   3.60e-06
  0  0   2.75e-06
  0  0   2.01e-06
  5  6   1.65e-01
  0  0   1.65e-01
  0  0   1.65e-01
  0  0   1.65e-01
  0  0   1.65e-01
  0  0   1.65e-01
  0  0   1.65e-01
  0  0   1.65e-01
  0  0   1.65e-01
  0  0   1.65e-01
  0  0   1.65e-01
  0  0   1.64e-01
  0  0   1.64e-01
  0  0   1.63e-01
  0  0   1.62e-01
  0  0   1.60e-01
  0  0   1.57e-01
  0  0   1.53e-01
  0  0   1.47e-01
  0  0   1.40e-01
  0  0   1.32e-01
  0  0   1.24e-01
  0  0   1.17e-01
  5  7   4.68e-02
  0  0   4.68e-02
  0  0   4.68e-02
  0  0   4.68e-02
  0  0   4.68e-02
  0  0   4.67e-02
  0  0   4.67e-02
  0  0   4.67e-02
  0  0   4.66e-02
  0  0   4.66e-02
  0  0   4.64e-02
  0  0   4.63e-02
  0  0   4.60e-02
  0  0   4.55e-02
  0  0   4.48e-02
  0  0   4.37e-02
  0  0   4.20e-02
  0  0   3.97e-02
  0  0   3.65e-02
  0  0   3.24e-02
  0  0   2.76e-02
  0  0   2.26e-02
  0  0   1.77e-02
  5  8   1.61e-02
  0  0   1.61e-02
  0  0   1.61e-02
  0  0   1.61e-02
  0  0   1.61e-02
  0  0   1.61e-02
  0  0   1.61e-02
  0  0   1.61e-02
  0  0   1.61e-02
  0  0   1.60e-02
  0  0   1.60e-02
  0  0   1.59e-02
  0  0   1.58e-02
  0  0   1.56e-02
  0  0   1.54e-02
  0  0   1.50e-02
  0  0   1.44e-02
  0  0   1.36e-02
  0  0   1.24e-02
  0  0   1.10e-02
  0  0   9.34e-03
  0  0   7.60e-03
  0  0   5.91e-03
  5  9   4.00e-07
  0  0   4.00e-07
  0  0   4.00e-07
  0  0   4.00e-07
  0  0   4.00e-07
  0  0   4.00e-07
  0  0   4.00e-07
  0  0   3.99e-07
  0  0   3.99e-07
  0  0   3.98e-07
  0  0   3.96e-07
  0  0   3.94e-07
  0  0   3.90e-07
  0  0   3.84e-07
  0  0   3.75e-07
  0  0   3.61e-07
  0  0   3.41e-07
  0  0   3.12e-07
  0  0   2.75e-07
  0  0   2.28e-07
  0  0   1.79e-07
  0  0   1.34e-07
  0  0   9.71e-08
 0 0 0
  1  2   5.971e-03
  1  3   2.524e-08
  1  4   1.653e-01
  1  5   3.142e-03
  1  6   4.893e+09
  1  7   2.747e+09
  1  8   1.260e+00
  1  9   3.170e+05
  2  3   1.154e-03
  2  4   5.107e-02
  2  5   1.940e+00
  2  6   1.614e+09
  2  7   1.629e+09
  2  8   6.553e+09
  2  9   9.849e+04
  3  4   1.555e-05
  3  5   0.000e+00
  3  6   2.660e-01
  3  7   2.162e+09
  3  8   0.000e+00
  3  9   1.053e+00
  4  5   2.550e+00
  4  6   7.226e+05
  4  7   6.917e+04
  4  8   1.190e+00
  4  9   6.130e+00
  5  6   1.782e-01
  5  7   1.608e+05
  5  8   0.000e+00
  5  9   8.316e-06
  6  7   4.546e-03
  6  8   2.412e-08
  6  9   1.310e-02
  7  8   1.852e-03
  7  9   1.072e-02
  8  9   3.796e-03
  1  5        0.0
  2  3      642.9
  3  1      920.5
  4  5    25840.8
  5  1    55750.6
  6  5   204292.0
  7  3   204879.0
  8  1   205204.0
  9  5   309924.0
