 30
** Atomic data from version 7 of the CHIANTI database **
%observed energy levels: Kramida, A. E., Bastin, T., Biemont, E., Dumont, P.-D. & Garnir, H.-P.
                         Eur. Phys. J. D, 7, 525, 1999                      
%theoretical energy levels: C.A. Ramsbottom (private communication)
% produced as part of the Arcetri/Cambridge/NRL 'CHIANTI' atomic data base collaboration
%
%   Peter Young, 20-Nov-2009
%filename: ne_4.wgfa
%observed energy levels: Kramida, A. E., Bastin, T., Biemont, E., Dumont, P.-D. & Garnir, H.-P.
                         1999, Eur. Phys. J. D, 7, 525
%A-values (levels 1 to 5): Merkelis, G., Martinson, I., Kisielius, R. & Vilkas, M.J. 1999, Phys. Scripta, 59, 122
%A-values: from a SSTRUCT model
%comment: the following configurations were input to SSTRUCT:
          2s2.2p3, 2s.2p4, 2p5, 
          2s2.2p2.3s, 2s2.2p2.3p, 2s2.2p2.3d
          2s.2p3.3s, 2s.2p3.3p, 2s.2p3.3d
          2s2.2p2.4s, 2s2.2p2.4p, 2s2.2p2.4d, 2s2.2p2.4f
          2s.2p3.4s, 2s.2p3.4p, 2s.2p3.4d, 2s.2p3.4f
% produced as part of the Arcetri/Cambridge/NRL 'CHIANTI' atomic data base collaboration
%
%      Peter Young - 20-Nov-2009

%filename: ne_4.splups
%theoretical energy levels: C.A. Ramsbottom (private communication)
%oscillator strengths: SUPERSTRUCTURE calculation (see ne_4.wgfa)
%Effective collision strength: Ramsbottom, Bell, Keenan, 1998, MNRAS, 293, 233
%comment: effective collision strength were provided in the temperature range 3.6 < Log T < 6.1
% produced as part of the Arcetri/Cambridge/NRL 'CHIANTI' atomic data base collaboration
%
%       E. Landi and P.R.Young 20-Nov-2009
13 23
  1  2s2.2p3 4S3/2
  2  2s2.2p3 2D3/2
  3  2s2.2p3 2D5/2
  4  2s2.2p3 2P1/2
  5  2s2.2p3 2P3/2
  6  2s.2p4 4P1/2
  7  2s.2p4 4P3/2
  8  2s.2p4 4P5/2
  9  2s.2p4 2D3/2
 10  2s.2p4 2D5/2
 11  2s.2p4 2S1/2
 12  2s.2p4 2P1/2
 13  2s.2p4 2P3/2
     100.0
     158.5
     251.2
     398.1
     631.0
    1000.0
    1584.9
    2511.9
    3981.1
    6309.6
   10000.0
   15848.9
   25118.9
   39810.7
   63095.8
  100000.0
  158489.2
  251188.7
  398107.1
  630957.6
 1000000.0
 1584892.5
 2511887.0
0
  1  2   6.56e-01
  0  0   6.55e-01
  0  0   6.55e-01
  0  0   6.54e-01
  0  0   6.52e-01
  0  0   6.49e-01
  0  0   6.44e-01
  0  0   6.37e-01
  0  0   6.26e-01
  0  0   6.09e-01
  0  0   5.88e-01
  0  0   5.63e-01
  0  0   5.44e-01
  0  0   5.29e-01
  0  0   5.17e-01
  0  0   5.04e-01
  0  0   4.86e-01
  0  0   4.55e-01
  0  0   4.23e-01
  0  0   3.75e-01
  0  0   3.20e-01
  0  0   2.74e-01
  0  0   2.42e-01
  1  3   9.85e-01
  0  0   9.84e-01
  0  0   9.83e-01
  0  0   9.81e-01
  0  0   9.78e-01
  0  0   9.74e-01
  0  0   9.67e-01
  0  0   9.56e-01
  0  0   9.39e-01
  0  0   9.14e-01
  0  0   8.81e-01
  0  0   8.45e-01
  0  0   8.16e-01
  0  0   7.93e-01
  0  0   7.75e-01
  0  0   7.57e-01
  0  0   7.28e-01
  0  0   6.84e-01
  0  0   6.33e-01
  0  0   5.56e-01
  0  0   4.69e-01
  0  0   3.97e-01
  0  0   3.47e-01
  1  4   1.39e-01
  0  0   1.39e-01
  0  0   1.39e-01
  0  0   1.39e-01
  0  0   1.40e-01
  0  0   1.40e-01
  0  0   1.41e-01
  0  0   1.43e-01
  0  0   1.45e-01
  0  0   1.47e-01
  0  0   1.49e-01
  0  0   1.49e-01
  0  0   1.47e-01
  0  0   1.47e-01
  0  0   1.46e-01
  0  0   1.44e-01
  0  0   1.38e-01
  0  0   1.30e-01
  0  0   1.17e-01
  0  0   1.01e-01
  0  0   8.65e-02
  0  0   7.58e-02
  0  0   6.86e-02
  1  5   2.77e-01
  0  0   2.78e-01
  0  0   2.78e-01
  0  0   2.78e-01
  0  0   2.79e-01
  0  0   2.80e-01
  0  0   2.82e-01
  0  0   2.85e-01
  0  0   2.89e-01
  0  0   2.94e-01
  0  0   2.99e-01
  0  0   2.98e-01
  0  0   2.95e-01
  0  0   2.95e-01
  0  0   2.92e-01
  0  0   2.88e-01
  0  0   2.77e-01
  0  0   2.61e-01
  0  0   2.35e-01
  0  0   2.03e-01
  0  0   1.75e-01
  0  0   1.54e-01
  0  0   1.40e-01
  1  6   6.64e-01
  0  0   6.64e-01
  0  0   6.64e-01
  0  0   6.64e-01
  0  0   6.64e-01
  0  0   6.65e-01
  0  0   6.65e-01
  0  0   6.66e-01
  0  0   6.68e-01
  0  0   6.70e-01
  0  0   6.74e-01
  0  0   6.79e-01
  0  0   6.86e-01
  0  0   6.94e-01
  0  0   7.05e-01
  0  0   7.22e-01
  0  0   7.50e-01
  0  0   7.90e-01
  0  0   8.44e-01
  0  0   9.18e-01
  0  0   1.02e+00
  0  0   1.14e+00
  0  0   1.29e+00
  1  7   1.33e+00
  0  0   1.33e+00
  0  0   1.33e+00
  0  0   1.33e+00
  0  0   1.33e+00
  0  0   1.33e+00
  0  0   1.33e+00
  0  0   1.33e+00
  0  0   1.33e+00
  0  0   1.34e+00
  0  0   1.35e+00
  0  0   1.36e+00
  0  0   1.37e+00
  0  0   1.39e+00
  0  0   1.41e+00
  0  0   1.44e+00
  0  0   1.50e+00
  0  0   1.58e+00
  0  0   1.69e+00
  0  0   1.84e+00
  0  0   2.04e+00
  0  0   2.29e+00
  0  0   2.58e+00
  1  8   1.99e+00
  0  0   1.99e+00
  0  0   1.99e+00
  0  0   1.99e+00
  0  0   1.99e+00
  0  0   1.99e+00
  0  0   1.99e+00
  0  0   2.00e+00
  0  0   2.00e+00
  0  0   2.01e+00
  0  0   2.02e+00
  0  0   2.04e+00
  0  0   2.06e+00
  0  0   2.08e+00
  0  0   2.11e+00
  0  0   2.16e+00
  0  0   2.24e+00
  0  0   2.36e+00
  0  0   2.53e+00
  0  0   2.75e+00
  0  0   3.05e+00
  0  0   3.43e+00
  0  0   3.87e+00
  1  9   4.54e-03
  0  0   4.54e-03
  0  0   4.56e-03
  0  0   4.58e-03
  0  0   4.61e-03
  0  0   4.65e-03
  0  0   4.73e-03
  0  0   4.84e-03
  0  0   5.02e-03
  0  0   5.27e-03
  0  0   5.60e-03
  0  0   6.00e-03
  0  0   6.35e-03
  0  0   6.50e-03
  0  0   6.34e-03
  0  0   5.93e-03
  0  0   5.47e-03
  0  0   4.98e-03
  0  0   4.34e-03
  0  0   3.54e-03
  0  0   2.69e-03
  0  0   1.94e-03
  0  0   1.34e-03
  1 10   7.48e-03
  0  0   7.49e-03
  0  0   7.50e-03
  0  0   7.52e-03
  0  0   7.55e-03
  0  0   7.59e-03
  0  0   7.67e-03
  0  0   7.78e-03
  0  0   7.95e-03
  0  0   8.21e-03
  0  0   8.57e-03
  0  0   9.03e-03
  0  0   9.50e-03
  0  0   9.69e-03
  0  0   9.41e-03
  0  0   8.93e-03
  0  0   8.51e-03
  0  0   7.84e-03
  0  0   6.89e-03
  0  0   5.95e-03
  0  0   5.19e-03
  0  0   4.65e-03
  0  0   4.29e-03
  1 12   6.61e-02
  0  0   6.61e-02
  0  0   6.61e-02
  0  0   6.61e-02
  0  0   6.61e-02
  0  0   6.61e-02
  0  0   6.61e-02
  0  0   6.60e-02
  0  0   6.60e-02
  0  0   6.59e-02
  0  0   6.58e-02
  0  0   6.56e-02
  0  0   6.52e-02
  0  0   6.47e-02
  0  0   6.38e-02
  0  0   6.27e-02
  0  0   6.11e-02
  0  0   5.88e-02
  0  0   5.46e-02
  0  0   4.95e-02
  0  0   4.38e-02
  0  0   3.69e-02
  0  0   2.87e-02
  1 13   1.33e-01
  0  0   1.33e-01
  0  0   1.33e-01
  0  0   1.33e-01
  0  0   1.33e-01
  0  0   1.33e-01
  0  0   1.33e-01
  0  0   1.33e-01
  0  0   1.33e-01
  0  0   1.32e-01
  0  0   1.32e-01
  0  0   1.31e-01
  0  0   1.30e-01
  0  0   1.29e-01
  0  0   1.27e-01
  0  0   1.26e-01
  0  0   1.25e-01
  0  0   1.21e-01
  0  0   1.15e-01
  0  0   1.08e-01
  0  0   9.71e-02
  0  0   8.05e-02
  0  0   6.14e-02
  2  3   1.23e+00
  0  0   1.23e+00
  0  0   1.23e+00
  0  0   1.23e+00
  0  0   1.23e+00
  0  0   1.23e+00
  0  0   1.23e+00
  0  0   1.23e+00
  0  0   1.24e+00
  0  0   1.24e+00
  0  0   1.26e+00
  0  0   1.29e+00
  0  0   1.28e+00
  0  0   1.27e+00
  0  0   1.30e+00
  0  0   1.35e+00
  0  0   1.37e+00
  0  0   1.33e+00
  0  0   1.20e+00
  0  0   1.03e+00
  0  0   8.89e-01
  0  0   7.88e-01
  0  0   7.20e-01
  2  4   3.20e-01
  0  0   3.20e-01
  0  0   3.21e-01
  0  0   3.21e-01
  0  0   3.22e-01
  0  0   3.23e-01
  0  0   3.25e-01
  0  0   3.28e-01
  0  0   3.32e-01
  0  0   3.37e-01
  0  0   3.41e-01
  0  0   3.42e-01
  0  0   3.50e-01
  0  0   3.71e-01
  0  0   3.99e-01
  0  0   4.25e-01
  0  0   4.29e-01
  0  0   4.14e-01
  0  0   3.85e-01
  0  0   3.51e-01
  0  0   3.23e-01
  0  0   3.02e-01
  0  0   2.89e-01
  2  5   3.89e-01
  0  0   3.91e-01
  0  0   3.93e-01
  0  0   3.96e-01
  0  0   4.01e-01
  0  0   4.08e-01
  0  0   4.20e-01
  0  0   4.38e-01
  0  0   4.62e-01
  0  0   4.89e-01
  0  0   5.05e-01
  0  0   5.06e-01
  0  0   5.13e-01
  0  0   5.32e-01
  0  0   5.61e-01
  0  0   5.85e-01
  0  0   5.88e-01
  0  0   5.65e-01
  0  0   5.21e-01
  0  0   4.73e-01
  0  0   4.36e-01
  0  0   4.10e-01
  0  0   3.93e-01
  2  6   8.34e-02
  0  0   8.34e-02
  0  0   8.35e-02
  0  0   8.36e-02
  0  0   8.37e-02
  0  0   8.40e-02
  0  0   8.43e-02
  0  0   8.49e-02
  0  0   8.58e-02
  0  0   8.71e-02
  0  0   8.88e-02
  0  0   9.09e-02
  0  0   9.23e-02
  0  0   9.14e-02
  0  0   8.75e-02
  0  0   8.28e-02
  0  0   7.77e-02
  0  0   7.04e-02
  0  0   6.14e-02
  0  0   5.32e-02
  0  0   4.70e-02
  0  0   4.26e-02
  0  0   3.97e-02
  2  7   1.32e-01
  0  0   1.32e-01
  0  0   1.32e-01
  0  0   1.32e-01
  0  0   1.32e-01
  0  0   1.32e-01
  0  0   1.33e-01
  0  0   1.33e-01
  0  0   1.34e-01
  0  0   1.35e-01
  0  0   1.37e-01
  0  0   1.39e-01
  0  0   1.40e-01
  0  0   1.39e-01
  0  0   1.31e-01
  0  0   1.21e-01
  0  0   1.12e-01
  0  0   1.02e-01
  0  0   9.03e-02
  0  0   7.86e-02
  0  0   6.91e-02
  0  0   6.23e-02
  0  0   5.77e-02
  2  8   1.06e-01
  0  0   1.06e-01
  0  0   1.06e-01
  0  0   1.06e-01
  0  0   1.06e-01
  0  0   1.06e-01
  0  0   1.06e-01
  0  0   1.06e-01
  0  0   1.06e-01
  0  0   1.05e-01
  0  0   1.05e-01
  0  0   1.04e-01
  0  0   1.01e-01
  0  0   9.45e-02
  0  0   8.42e-02
  0  0   7.26e-02
  0  0   6.19e-02
  0  0   5.18e-02
  0  0   4.27e-02
  0  0   3.55e-02
  0  0   3.02e-02
  0  0   2.66e-02
  0  0   2.42e-02
  2  9   1.72e+00
  0  0   1.72e+00
  0  0   1.72e+00
  0  0   1.72e+00
  0  0   1.72e+00
  0  0   1.72e+00
  0  0   1.72e+00
  0  0   1.72e+00
  0  0   1.72e+00
  0  0   1.72e+00
  0  0   1.72e+00
  0  0   1.73e+00
  0  0   1.73e+00
  0  0   1.74e+00
  0  0   1.76e+00
  0  0   1.81e+00
  0  0   1.89e+00
  0  0   2.00e+00
  0  0   2.14e+00
  0  0   2.34e+00
  0  0   2.60e+00
  0  0   2.93e+00
  0  0   3.32e+00
  2 10   5.22e-01
  0  0   5.22e-01
  0  0   5.22e-01
  0  0   5.21e-01
  0  0   5.21e-01
  0  0   5.19e-01
  0  0   5.18e-01
  0  0   5.15e-01
  0  0   5.10e-01
  0  0   5.04e-01
  0  0   4.94e-01
  0  0   4.79e-01
  0  0   4.60e-01
  0  0   4.38e-01
  0  0   4.18e-01
  0  0   4.07e-01
  0  0   4.04e-01
  0  0   4.01e-01
  0  0   4.02e-01
  0  0   4.08e-01
  0  0   4.22e-01
  0  0   4.45e-01
  0  0   4.77e-01
  2 11   2.02e-02
  0  0   2.02e-02
  0  0   2.02e-02
  0  0   2.02e-02
  0  0   2.01e-02
  0  0   2.00e-02
  0  0   1.99e-02
  0  0   1.97e-02
  0  0   1.94e-02
  0  0   1.89e-02
  0  0   1.82e-02
  0  0   1.71e-02
  0  0   1.55e-02
  0  0   1.34e-02
  0  0   1.10e-02
  0  0   8.94e-03
  0  0   7.85e-03
  0  0   7.24e-03
  0  0   6.14e-03
  0  0   4.85e-03
  0  0   4.01e-03
  0  0   3.86e-03
  0  0   4.32e-03
  2 12   1.33e+00
  0  0   1.33e+00
  0  0   1.33e+00
  0  0   1.33e+00
  0  0   1.33e+00
  0  0   1.33e+00
  0  0   1.34e+00
  0  0   1.34e+00
  0  0   1.34e+00
  0  0   1.35e+00
  0  0   1.36e+00
  0  0   1.37e+00
  0  0   1.39e+00
  0  0   1.42e+00
  0  0   1.46e+00
  0  0   1.52e+00
  0  0   1.59e+00
  0  0   1.69e+00
  0  0   1.84e+00
  0  0   2.04e+00
  0  0   2.30e+00
  0  0   2.60e+00
  0  0   2.95e+00
  2 13   3.12e-01
  0  0   3.12e-01
  0  0   3.13e-01
  0  0   3.13e-01
  0  0   3.13e-01
  0  0   3.13e-01
  0  0   3.14e-01
  0  0   3.15e-01
  0  0   3.16e-01
  0  0   3.18e-01
  0  0   3.21e-01
  0  0   3.26e-01
  0  0   3.33e-01
  0  0   3.41e-01
  0  0   3.48e-01
  0  0   3.56e-01
  0  0   3.67e-01
  0  0   3.86e-01
  0  0   4.14e-01
  0  0   4.50e-01
  0  0   4.98e-01
  0  0   5.60e-01
  0  0   6.36e-01
  3  4   2.72e-01
  0  0   2.73e-01
  0  0   2.75e-01
  0  0   2.78e-01
  0  0   2.81e-01
  0  0   2.88e-01
  0  0   2.97e-01
  0  0   3.11e-01
  0  0   3.30e-01
  0  0   3.51e-01
  0  0   3.64e-01
  0  0   3.65e-01
  0  0   3.70e-01
  0  0   3.82e-01
  0  0   4.01e-01
  0  0   4.17e-01
  0  0   4.18e-01
  0  0   4.02e-01
  0  0   3.70e-01
  0  0   3.35e-01
  0  0   3.07e-01
  0  0   2.88e-01
  0  0   2.75e-01
  3  5   7.92e-01
  0  0   7.93e-01
  0  0   7.95e-01
  0  0   7.98e-01
  0  0   8.02e-01
  0  0   8.10e-01
  0  0   8.21e-01
  0  0   8.37e-01
  0  0   8.60e-01
  0  0   8.87e-01
  0  0   9.05e-01
  0  0   9.07e-01
  0  0   9.26e-01
  0  0   9.72e-01
  0  0   1.04e+00
  0  0   1.10e+00
  0  0   1.11e+00
  0  0   1.07e+00
  0  0   9.93e-01
  0  0   8.98e-01
  0  0   8.22e-01
  0  0   7.67e-01
  0  0   7.31e-01
  3  6   4.99e-02
  0  0   4.99e-02
  0  0   4.99e-02
  0  0   4.99e-02
  0  0   4.99e-02
  0  0   4.99e-02
  0  0   4.98e-02
  0  0   4.98e-02
  0  0   4.96e-02
  0  0   4.95e-02
  0  0   4.91e-02
  0  0   4.84e-02
  0  0   4.68e-02
  0  0   4.35e-02
  0  0   3.84e-02
  0  0   3.26e-02
  0  0   2.74e-02
  0  0   2.25e-02
  0  0   1.81e-02
  0  0   1.46e-02
  0  0   1.21e-02
  0  0   1.03e-02
  0  0   9.17e-03
  3  7   1.36e-01
  0  0   1.36e-01
  0  0   1.36e-01
  0  0   1.36e-01
  0  0   1.36e-01
  0  0   1.36e-01
  0  0   1.36e-01
  0  0   1.37e-01
  0  0   1.37e-01
  0  0   1.38e-01
  0  0   1.39e-01
  0  0   1.39e-01
  0  0   1.38e-01
  0  0   1.32e-01
  0  0   1.21e-01
  0  0   1.09e-01
  0  0   9.79e-02
  0  0   8.62e-02
  0  0   7.45e-02
  0  0   6.47e-02
  0  0   5.74e-02
  0  0   5.24e-02
  0  0   4.90e-02
  3  8   3.11e-01
  0  0   3.11e-01
  0  0   3.11e-01
  0  0   3.11e-01
  0  0   3.11e-01
  0  0   3.11e-01
  0  0   3.11e-01
  0  0   3.11e-01
  0  0   3.12e-01
  0  0   3.12e-01
  0  0   3.13e-01
  0  0   3.14e-01
  0  0   3.14e-01
  0  0   3.11e-01
  0  0   2.98e-01
  0  0   2.74e-01
  0  0   2.49e-01
  0  0   2.30e-01
  0  0   2.10e-01
  0  0   1.87e-01
  0  0   1.65e-01
  0  0   1.48e-01
  0  0   1.36e-01
  3  9   5.78e-01
  0  0   5.77e-01
  0  0   5.76e-01
  0  0   5.75e-01
  0  0   5.73e-01
  0  0   5.70e-01
  0  0   5.66e-01
  0  0   5.59e-01
  0  0   5.48e-01
  0  0   5.32e-01
  0  0   5.11e-01
  0  0   4.83e-01
  0  0   4.54e-01
  0  0   4.32e-01
  0  0   4.20e-01
  0  0   4.15e-01
  0  0   4.10e-01
  0  0   4.03e-01
  0  0   3.97e-01
  0  0   4.00e-01
  0  0   4.16e-01
  0  0   4.43e-01
  0  0   4.81e-01
  3 10   2.88e+00
  0  0   2.88e+00
  0  0   2.88e+00
  0  0   2.88e+00
  0  0   2.88e+00
  0  0   2.87e+00
  0  0   2.87e+00
  0  0   2.87e+00
  0  0   2.86e+00
  0  0   2.86e+00
  0  0   2.85e+00
  0  0   2.83e+00
  0  0   2.82e+00
  0  0   2.82e+00
  0  0   2.85e+00
  0  0   2.92e+00
  0  0   3.04e+00
  0  0   3.21e+00
  0  0   3.43e+00
  0  0   3.72e+00
  0  0   4.11e+00
  0  0   4.60e+00
  0  0   5.19e+00
  3 11   3.49e-02
  0  0   3.48e-02
  0  0   3.48e-02
  0  0   3.47e-02
  0  0   3.45e-02
  0  0   3.42e-02
  0  0   3.38e-02
  0  0   3.32e-02
  0  0   3.22e-02
  0  0   3.08e-02
  0  0   2.87e-02
  0  0   2.59e-02
  0  0   2.26e-02
  0  0   1.94e-02
  0  0   1.66e-02
  0  0   1.43e-02
  0  0   1.23e-02
  0  0   1.03e-02
  0  0   8.53e-03
  0  0   7.13e-03
  0  0   6.12e-03
  0  0   5.43e-03
  0  0   4.97e-03
  3 12   3.92e-02
  0  0   3.92e-02
  0  0   3.93e-02
  0  0   3.93e-02
  0  0   3.94e-02
  0  0   3.95e-02
  0  0   3.97e-02
  0  0   4.00e-02
  0  0   4.04e-02
  0  0   4.11e-02
  0  0   4.21e-02
  0  0   4.35e-02
  0  0   4.51e-02
  0  0   4.65e-02
  0  0   4.66e-02
  0  0   4.48e-02
  0  0   4.20e-02
  0  0   3.81e-02
  0  0   3.34e-02
  0  0   2.86e-02
  0  0   2.46e-02
  0  0   2.17e-02
  0  0   1.96e-02
  3 13   2.43e+00
  0  0   2.43e+00
  0  0   2.43e+00
  0  0   2.43e+00
  0  0   2.43e+00
  0  0   2.43e+00
  0  0   2.43e+00
  0  0   2.44e+00
  0  0   2.45e+00
  0  0   2.46e+00
  0  0   2.47e+00
  0  0   2.50e+00
  0  0   2.54e+00
  0  0   2.60e+00
  0  0   2.67e+00
  0  0   2.76e+00
  0  0   2.88e+00
  0  0   3.07e+00
  0  0   3.36e+00
  0  0   3.72e+00
  0  0   4.17e+00
  0  0   4.70e+00
  0  0   5.34e+00
  4  5   2.77e-01
  0  0   2.77e-01
  0  0   2.78e-01
  0  0   2.80e-01
  0  0   2.83e-01
  0  0   2.86e-01
  0  0   2.92e-01
  0  0   3.02e-01
  0  0   3.15e-01
  0  0   3.32e-01
  0  0   3.48e-01
  0  0   3.61e-01
  0  0   3.82e-01
  0  0   4.10e-01
  0  0   4.42e-01
  0  0   4.75e-01
  0  0   4.88e-01
  0  0   4.81e-01
  0  0   4.44e-01
  0  0   3.94e-01
  0  0   3.50e-01
  0  0   3.19e-01
  0  0   2.98e-01
  4  6   1.03e-01
  0  0   1.03e-01
  0  0   1.02e-01
  0  0   1.02e-01
  0  0   1.02e-01
  0  0   1.01e-01
  0  0   9.99e-02
  0  0   9.81e-02
  0  0   9.55e-02
  0  0   9.15e-02
  0  0   8.58e-02
  0  0   7.82e-02
  0  0   6.93e-02
  0  0   6.16e-02
  0  0   5.67e-02
  0  0   5.30e-02
  0  0   4.82e-02
  0  0   4.26e-02
  0  0   3.71e-02
  0  0   3.24e-02
  0  0   2.90e-02
  0  0   2.65e-02
  0  0   2.49e-02
  4  7   2.15e-01
  0  0   2.15e-01
  0  0   2.15e-01
  0  0   2.14e-01
  0  0   2.13e-01
  0  0   2.11e-01
  0  0   2.07e-01
  0  0   2.02e-01
  0  0   1.95e-01
  0  0   1.84e-01
  0  0   1.68e-01
  0  0   1.47e-01
  0  0   1.25e-01
  0  0   1.06e-01
  0  0   9.55e-02
  0  0   8.70e-02
  0  0   7.70e-02
  0  0   6.64e-02
  0  0   5.67e-02
  0  0   4.90e-02
  0  0   4.34e-02
  0  0   3.95e-02
  0  0   3.69e-02
  4  8   6.24e-01
  0  0   6.20e-01
  0  0   6.13e-01
  0  0   6.03e-01
  0  0   5.88e-01
  0  0   5.64e-01
  0  0   5.29e-01
  0  0   4.78e-01
  0  0   4.11e-01
  0  0   3.33e-01
  0  0   2.57e-01
  0  0   1.95e-01
  0  0   1.53e-01
  0  0   1.23e-01
  0  0   9.93e-02
  0  0   7.87e-02
  0  0   6.30e-02
  0  0   5.18e-02
  0  0   4.42e-02
  0  0   3.92e-02
  0  0   3.59e-02
  0  0   3.38e-02
  0  0   3.25e-02
  4  9   3.86e-01
  0  0   3.86e-01
  0  0   3.86e-01
  0  0   3.86e-01
  0  0   3.86e-01
  0  0   3.86e-01
  0  0   3.86e-01
  0  0   3.86e-01
  0  0   3.86e-01
  0  0   3.85e-01
  0  0   3.85e-01
  0  0   3.84e-01
  0  0   3.83e-01
  0  0   3.81e-01
  0  0   3.80e-01
  0  0   3.81e-01
  0  0   3.87e-01
  0  0   4.02e-01
  0  0   4.30e-01
  0  0   4.68e-01
  0  0   5.16e-01
  0  0   5.74e-01
  0  0   6.40e-01
  4 10   2.21e-01
  0  0   2.21e-01
  0  0   2.21e-01
  0  0   2.20e-01
  0  0   2.19e-01
  0  0   2.18e-01
  0  0   2.17e-01
  0  0   2.14e-01
  0  0   2.11e-01
  0  0   2.05e-01
  0  0   1.97e-01
  0  0   1.85e-01
  0  0   1.69e-01
  0  0   1.51e-01
  0  0   1.32e-01
  0  0   1.15e-01
  0  0   1.01e-01
  0  0   8.82e-02
  0  0   7.66e-02
  0  0   6.73e-02
  0  0   6.04e-02
  0  0   5.57e-02
  0  0   5.25e-02
  4 11   4.86e-01
  0  0   4.86e-01
  0  0   4.87e-01
  0  0   4.87e-01
  0  0   4.87e-01
  0  0   4.87e-01
  0  0   4.87e-01
  0  0   4.88e-01
  0  0   4.89e-01
  0  0   4.90e-01
  0  0   4.92e-01
  0  0   4.95e-01
  0  0   4.99e-01
  0  0   5.05e-01
  0  0   5.14e-01
  0  0   5.28e-01
  0  0   5.52e-01
  0  0   5.87e-01
  0  0   6.32e-01
  0  0   6.89e-01
  0  0   7.62e-01
  0  0   8.56e-01
  0  0   9.69e-01
  4 12   3.35e-01
  0  0   3.35e-01
  0  0   3.35e-01
  0  0   3.35e-01
  0  0   3.35e-01
  0  0   3.35e-01
  0  0   3.35e-01
  0  0   3.36e-01
  0  0   3.36e-01
  0  0   3.37e-01
  0  0   3.39e-01
  0  0   3.42e-01
  0  0   3.46e-01
  0  0   3.52e-01
  0  0   3.61e-01
  0  0   3.74e-01
  0  0   3.91e-01
  0  0   4.15e-01
  0  0   4.50e-01
  0  0   4.97e-01
  0  0   5.54e-01
  0  0   6.19e-01
  0  0   6.91e-01
  4 13   1.83e-01
  0  0   1.83e-01
  0  0   1.83e-01
  0  0   1.83e-01
  0  0   1.84e-01
  0  0   1.84e-01
  0  0   1.84e-01
  0  0   1.84e-01
  0  0   1.85e-01
  0  0   1.86e-01
  0  0   1.87e-01
  0  0   1.89e-01
  0  0   1.92e-01
  0  0   1.96e-01
  0  0   2.02e-01
  0  0   2.08e-01
  0  0   2.16e-01
  0  0   2.26e-01
  0  0   2.43e-01
  0  0   2.66e-01
  0  0   2.94e-01
  0  0   3.25e-01
  0  0   3.61e-01
  5  6   3.57e-01
  0  0   3.55e-01
  0  0   3.53e-01
  0  0   3.49e-01
  0  0   3.43e-01
  0  0   3.34e-01
  0  0   3.19e-01
  0  0   2.98e-01
  0  0   2.66e-01
  0  0   2.24e-01
  0  0   1.75e-01
  0  0   1.31e-01
  0  0   1.02e-01
  0  0   8.53e-02
  0  0   7.03e-02
  0  0   5.72e-02
  0  0   4.65e-02
  0  0   3.82e-02
  0  0   3.23e-02
  0  0   2.83e-02
  0  0   2.56e-02
  0  0   2.39e-02
  0  0   2.28e-02
  5  7   6.92e-01
  0  0   6.89e-01
  0  0   6.84e-01
  0  0   6.77e-01
  0  0   6.66e-01
  0  0   6.48e-01
  0  0   6.22e-01
  0  0   5.81e-01
  0  0   5.23e-01
  0  0   4.45e-01
  0  0   3.53e-01
  0  0   2.71e-01
  0  0   2.18e-01
  0  0   1.87e-01
  0  0   1.60e-01
  0  0   1.34e-01
  0  0   1.12e-01
  0  0   9.41e-02
  0  0   8.11e-02
  0  0   7.20e-02
  0  0   6.60e-02
  0  0   6.21e-02
  0  0   5.95e-02
  5  8   9.84e-01
  0  0   9.80e-01
  0  0   9.74e-01
  0  0   9.64e-01
  0  0   9.50e-01
  0  0   9.27e-01
  0  0   8.91e-01
  0  0   8.38e-01
  0  0   7.62e-01
  0  0   6.59e-01
  0  0   5.38e-01
  0  0   4.30e-01
  0  0   3.61e-01
  0  0   3.21e-01
  0  0   2.86e-01
  0  0   2.51e-01
  0  0   2.16e-01
  0  0   1.86e-01
  0  0   1.64e-01
  0  0   1.49e-01
  0  0   1.39e-01
  0  0   1.32e-01
  0  0   1.28e-01
  5  9   3.39e-01
  0  0   3.39e-01
  0  0   3.39e-01
  0  0   3.38e-01
  0  0   3.38e-01
  0  0   3.37e-01
  0  0   3.35e-01
  0  0   3.32e-01
  0  0   3.28e-01
  0  0   3.22e-01
  0  0   3.12e-01
  0  0   2.99e-01
  0  0   2.80e-01
  0  0   2.57e-01
  0  0   2.34e-01
  0  0   2.13e-01
  0  0   1.98e-01
  0  0   1.87e-01
  0  0   1.80e-01
  0  0   1.77e-01
  0  0   1.76e-01
  0  0   1.78e-01
  0  0   1.83e-01
  5 10   8.74e-01
  0  0   8.74e-01
  0  0   8.74e-01
  0  0   8.73e-01
  0  0   8.73e-01
  0  0   8.72e-01
  0  0   8.70e-01
  0  0   8.68e-01
  0  0   8.64e-01
  0  0   8.59e-01
  0  0   8.51e-01
  0  0   8.40e-01
  0  0   8.25e-01
  0  0   8.06e-01
  0  0   7.87e-01
  0  0   7.74e-01
  0  0   7.76e-01
  0  0   8.00e-01
  0  0   8.43e-01
  0  0   9.04e-01
  0  0   9.82e-01
  0  0   1.08e+00
  0  0   1.20e+00
  5 11   9.74e-01
  0  0   9.74e-01
  0  0   9.74e-01
  0  0   9.74e-01
  0  0   9.74e-01
  0  0   9.75e-01
  0  0   9.75e-01
  0  0   9.76e-01
  0  0   9.78e-01
  0  0   9.80e-01
  0  0   9.83e-01
  0  0   9.89e-01
  0  0   9.98e-01
  0  0   1.01e+00
  0  0   1.03e+00
  0  0   1.06e+00
  0  0   1.10e+00
  0  0   1.17e+00
  0  0   1.26e+00
  0  0   1.38e+00
  0  0   1.52e+00
  0  0   1.70e+00
  0  0   1.92e+00
  5 12   1.83e-01
  0  0   1.83e-01
  0  0   1.83e-01
  0  0   1.84e-01
  0  0   1.84e-01
  0  0   1.84e-01
  0  0   1.84e-01
  0  0   1.84e-01
  0  0   1.85e-01
  0  0   1.86e-01
  0  0   1.87e-01
  0  0   1.89e-01
  0  0   1.92e-01
  0  0   1.96e-01
  0  0   2.01e-01
  0  0   2.08e-01
  0  0   2.16e-01
  0  0   2.27e-01
  0  0   2.42e-01
  0  0   2.64e-01
  0  0   2.94e-01
  0  0   3.34e-01
  0  0   3.82e-01
  5 13   8.52e-01
  0  0   8.52e-01
  0  0   8.52e-01
  0  0   8.52e-01
  0  0   8.52e-01
  0  0   8.53e-01
  0  0   8.54e-01
  0  0   8.55e-01
  0  0   8.57e-01
  0  0   8.60e-01
  0  0   8.65e-01
  0  0   8.72e-01
  0  0   8.84e-01
  0  0   9.01e-01
  0  0   9.24e-01
  0  0   9.55e-01
  0  0   9.95e-01
  0  0   1.06e+00
  0  0   1.15e+00
  0  0   1.26e+00
  0  0   1.40e+00
  0  0   1.55e+00
  0  0   1.72e+00
  6  7   4.57e-01
  0  0   4.57e-01
  0  0   4.57e-01
  0  0   4.57e-01
  0  0   4.57e-01
  0  0   4.57e-01
  0  0   4.57e-01
  0  0   4.57e-01
  0  0   4.57e-01
  0  0   4.56e-01
  0  0   4.56e-01
  0  0   4.55e-01
  0  0   4.53e-01
  0  0   4.51e-01
  0  0   4.46e-01
  0  0   4.37e-01
  0  0   4.26e-01
  0  0   4.15e-01
  0  0   3.96e-01
  0  0   3.63e-01
  0  0   3.25e-01
  0  0   2.92e-01
  0  0   2.67e-01
  6  8   3.61e-01
  0  0   3.61e-01
  0  0   3.61e-01
  0  0   3.60e-01
  0  0   3.60e-01
  0  0   3.60e-01
  0  0   3.59e-01
  0  0   3.58e-01
  0  0   3.56e-01
  0  0   3.53e-01
  0  0   3.50e-01
  0  0   3.44e-01
  0  0   3.37e-01
  0  0   3.30e-01
  0  0   3.24e-01
  0  0   3.20e-01
  0  0   3.12e-01
  0  0   2.99e-01
  0  0   2.81e-01
  0  0   2.62e-01
  0  0   2.46e-01
  0  0   2.35e-01
  0  0   2.27e-01
  6  9   2.05e-01
  0  0   2.05e-01
  0  0   2.05e-01
  0  0   2.05e-01
  0  0   2.05e-01
  0  0   2.05e-01
  0  0   2.05e-01
  0  0   2.04e-01
  0  0   2.04e-01
  0  0   2.04e-01
  0  0   2.04e-01
  0  0   2.03e-01
  0  0   2.02e-01
  0  0   2.00e-01
  0  0   1.98e-01
  0  0   1.94e-01
  0  0   1.88e-01
  0  0   1.78e-01
  0  0   1.64e-01
  0  0   1.46e-01
  0  0   1.25e-01
  0  0   1.03e-01
  0  0   8.41e-02
  6 10   1.25e-01
  0  0   1.25e-01
  0  0   1.25e-01
  0  0   1.25e-01
  0  0   1.25e-01
  0  0   1.25e-01
  0  0   1.25e-01
  0  0   1.25e-01
  0  0   1.25e-01
  0  0   1.25e-01
  0  0   1.25e-01
  0  0   1.25e-01
  0  0   1.25e-01
  0  0   1.24e-01
  0  0   1.22e-01
  0  0   1.19e-01
  0  0   1.16e-01
  0  0   1.11e-01
  0  0   1.02e-01
  0  0   8.98e-02
  0  0   7.91e-02
  0  0   7.10e-02
  0  0   6.53e-02
  6 11   4.05e-02
  0  0   4.05e-02
  0  0   4.05e-02
  0  0   4.05e-02
  0  0   4.04e-02
  0  0   4.04e-02
  0  0   4.04e-02
  0  0   4.04e-02
  0  0   4.03e-02
  0  0   4.02e-02
  0  0   4.00e-02
  0  0   3.97e-02
  0  0   3.94e-02
  0  0   3.89e-02
  0  0   3.84e-02
  0  0   3.79e-02
  0  0   3.70e-02
  0  0   3.52e-02
  0  0   3.21e-02
  0  0   2.80e-02
  0  0   2.38e-02
  0  0   2.04e-02
  0  0   1.79e-02
  6 12   3.32e-02
  0  0   3.32e-02
  0  0   3.33e-02
  0  0   3.33e-02
  0  0   3.33e-02
  0  0   3.34e-02
  0  0   3.35e-02
  0  0   3.36e-02
  0  0   3.38e-02
  0  0   3.41e-02
  0  0   3.45e-02
  0  0   3.51e-02
  0  0   3.58e-02
  0  0   3.62e-02
  0  0   3.56e-02
  0  0   3.38e-02
  0  0   3.10e-02
  0  0   2.73e-02
  0  0   2.32e-02
  0  0   1.93e-02
  0  0   1.61e-02
  0  0   1.38e-02
  0  0   1.22e-02
  6 13   4.92e-02
  0  0   4.92e-02
  0  0   4.92e-02
  0  0   4.92e-02
  0  0   4.93e-02
  0  0   4.94e-02
  0  0   4.95e-02
  0  0   4.98e-02
  0  0   5.01e-02
  0  0   5.06e-02
  0  0   5.13e-02
  0  0   5.23e-02
  0  0   5.31e-02
  0  0   5.33e-02
  0  0   5.20e-02
  0  0   4.96e-02
  0  0   4.65e-02
  0  0   4.20e-02
  0  0   3.63e-02
  0  0   3.08e-02
  0  0   2.65e-02
  0  0   2.33e-02
  0  0   2.12e-02
  7  8   9.42e-01
  0  0   9.42e-01
  0  0   9.42e-01
  0  0   9.42e-01
  0  0   9.42e-01
  0  0   9.41e-01
  0  0   9.41e-01
  0  0   9.40e-01
  0  0   9.39e-01
  0  0   9.37e-01
  0  0   9.34e-01
  0  0   9.30e-01
  0  0   9.23e-01
  0  0   9.13e-01
  0  0   8.99e-01
  0  0   8.79e-01
  0  0   8.57e-01
  0  0   8.34e-01
  0  0   7.99e-01
  0  0   7.42e-01
  0  0   6.79e-01
  0  0   6.24e-01
  0  0   5.84e-01
  7  9   3.21e-01
  0  0   3.21e-01
  0  0   3.21e-01
  0  0   3.21e-01
  0  0   3.21e-01
  0  0   3.21e-01
  0  0   3.21e-01
  0  0   3.21e-01
  0  0   3.21e-01
  0  0   3.21e-01
  0  0   3.20e-01
  0  0   3.19e-01
  0  0   3.18e-01
  0  0   3.16e-01
  0  0   3.13e-01
  0  0   3.06e-01
  0  0   2.95e-01
  0  0   2.81e-01
  0  0   2.59e-01
  0  0   2.30e-01
  0  0   1.97e-01
  0  0   1.69e-01
  0  0   1.48e-01
  7 10   3.36e-01
  0  0   3.36e-01
  0  0   3.36e-01
  0  0   3.36e-01
  0  0   3.36e-01
  0  0   3.36e-01
  0  0   3.36e-01
  0  0   3.36e-01
  0  0   3.36e-01
  0  0   3.36e-01
  0  0   3.36e-01
  0  0   3.36e-01
  0  0   3.35e-01
  0  0   3.33e-01
  0  0   3.28e-01
  0  0   3.20e-01
  0  0   3.12e-01
  0  0   2.99e-01
  0  0   2.73e-01
  0  0   2.40e-01
  0  0   2.09e-01
  0  0   1.86e-01
  0  0   1.70e-01
  7 11   8.09e-02
  0  0   8.09e-02
  0  0   8.09e-02
  0  0   8.09e-02
  0  0   8.09e-02
  0  0   8.08e-02
  0  0   8.08e-02
  0  0   8.07e-02
  0  0   8.05e-02
  0  0   8.03e-02
  0  0   8.00e-02
  0  0   7.95e-02
  0  0   7.88e-02
  0  0   7.78e-02
  0  0   7.68e-02
  0  0   7.57e-02
  0  0   7.40e-02
  0  0   7.06e-02
  0  0   6.47e-02
  0  0   5.68e-02
  0  0   4.87e-02
  0  0   4.20e-02
  0  0   3.71e-02
  7 12   6.18e-02
  0  0   6.18e-02
  0  0   6.18e-02
  0  0   6.19e-02
  0  0   6.19e-02
  0  0   6.19e-02
  0  0   6.20e-02
  0  0   6.21e-02
  0  0   6.23e-02
  0  0   6.26e-02
  0  0   6.29e-02
  0  0   6.35e-02
  0  0   6.41e-02
  0  0   6.44e-02
  0  0   6.36e-02
  0  0   6.06e-02
  0  0   5.56e-02
  0  0   4.95e-02
  0  0   4.26e-02
  0  0   3.57e-02
  0  0   2.97e-02
  0  0   2.51e-02
  0  0   2.19e-02
  7 13   1.13e-01
  0  0   1.13e-01
  0  0   1.13e-01
  0  0   1.13e-01
  0  0   1.13e-01
  0  0   1.13e-01
  0  0   1.13e-01
  0  0   1.13e-01
  0  0   1.13e-01
  0  0   1.13e-01
  0  0   1.13e-01
  0  0   1.13e-01
  0  0   1.13e-01
  0  0   1.13e-01
  0  0   1.12e-01
  0  0   1.07e-01
  0  0   9.88e-02
  0  0   8.82e-02
  0  0   7.74e-02
  0  0   6.62e-02
  0  0   5.53e-02
  0  0   4.64e-02
  0  0   3.98e-02
  8  9   2.66e-01
  0  0   2.66e-01
  0  0   2.66e-01
  0  0   2.66e-01
  0  0   2.66e-01
  0  0   2.66e-01
  0  0   2.66e-01
  0  0   2.65e-01
  0  0   2.65e-01
  0  0   2.65e-01
  0  0   2.65e-01
  0  0   2.64e-01
  0  0   2.63e-01
  0  0   2.61e-01
  0  0   2.59e-01
  0  0   2.53e-01
  0  0   2.45e-01
  0  0   2.33e-01
  0  0   2.18e-01
  0  0   1.96e-01
  0  0   1.70e-01
  0  0   1.46e-01
  0  0   1.27e-01
  8 10   7.23e-01
  0  0   7.23e-01
  0  0   7.23e-01
  0  0   7.23e-01
  0  0   7.23e-01
  0  0   7.23e-01
  0  0   7.23e-01
  0  0   7.22e-01
  0  0   7.22e-01
  0  0   7.21e-01
  0  0   7.20e-01
  0  0   7.19e-01
  0  0   7.16e-01
  0  0   7.12e-01
  0  0   7.04e-01
  0  0   6.90e-01
  0  0   6.67e-01
  0  0   6.36e-01
  0  0   5.93e-01
  0  0   5.30e-01
  0  0   4.56e-01
  0  0   3.89e-01
  0  0   3.37e-01
  8 11   1.21e-01
  0  0   1.21e-01
  0  0   1.21e-01
  0  0   1.21e-01
  0  0   1.21e-01
  0  0   1.21e-01
  0  0   1.21e-01
  0  0   1.21e-01
  0  0   1.21e-01
  0  0   1.20e-01
  0  0   1.20e-01
  0  0   1.19e-01
  0  0   1.18e-01
  0  0   1.17e-01
  0  0   1.15e-01
  0  0   1.13e-01
  0  0   1.11e-01
  0  0   1.07e-01
  0  0   1.00e-01
  0  0   8.97e-02
  0  0   7.85e-02
  0  0   6.91e-02
  0  0   6.22e-02
  8 12   7.82e-02
  0  0   7.82e-02
  0  0   7.82e-02
  0  0   7.82e-02
  0  0   7.82e-02
  0  0   7.82e-02
  0  0   7.82e-02
  0  0   7.82e-02
  0  0   7.82e-02
  0  0   7.82e-02
  0  0   7.82e-02
  0  0   7.82e-02
  0  0   7.80e-02
  0  0   7.75e-02
  0  0   7.61e-02
  0  0   7.30e-02
  0  0   6.78e-02
  0  0   6.11e-02
  0  0   5.33e-02
  0  0   4.51e-02
  0  0   3.76e-02
  0  0   3.17e-02
  0  0   2.75e-02
  8 13   1.88e-01
  0  0   1.88e-01
  0  0   1.88e-01
  0  0   1.88e-01
  0  0   1.88e-01
  0  0   1.88e-01
  0  0   1.88e-01
  0  0   1.88e-01
  0  0   1.88e-01
  0  0   1.89e-01
  0  0   1.89e-01
  0  0   1.89e-01
  0  0   1.89e-01
  0  0   1.89e-01
  0  0   1.87e-01
  0  0   1.79e-01
  0  0   1.64e-01
  0  0   1.45e-01
  0  0   1.25e-01
  0  0   1.05e-01
  0  0   8.58e-02
  0  0   7.03e-02
  0  0   5.89e-02
 0 0 0
  1  2   4.972e-03
  1  3   5.430e-04
  1  4   4.900e-01
  1  5   1.220e+00
  1  6   2.135e+09
  1  7   2.122e+09
  1  8   2.100e+09
  1  9   0.000e+00
  1 10   0.000e+00
  1 11   5.287e+05
  1 12   2.252e+05
  1 13   7.546e+05
  2  3   0.000e+00
  2  4   3.640e-01
  2  5   4.112e-01
  2  6   5.029e+03
  2  7   9.269e+03
  2  8   7.133e+03
  2  9   4.434e+09
  2 10   2.767e+08
  2 11   4.328e+07
  2 12   1.901e+10
  2 13   2.156e+09
  3  4   1.040e-01
  3  5   3.720e-01
  3  6   0.000e+00
  3  7   2.929e+03
  3  8   4.774e+04
  3  9   4.606e+08
  3 10   4.508e+09
  3 11   0.000e+00
  3 12   0.000e+00
  3 13   1.757e+10
  4  5   0.000e+00
  4  6   1.601e+04
  4  7   0.000e+00
  4  8   0.000e+00
  4  9   5.146e+08
  4 10   0.000e+00
  4 11   3.727e+09
  4 12   2.844e+09
  4 13   7.539e+08
  5  6   2.759e+03
  5  7   5.128e+04
  5  8   3.784e+04
  5  9   6.404e+07
  5 10   6.541e+08
  5 11   7.093e+09
  5 12   2.100e+09
  5 13   3.487e+09
  6  7   0.000e+00
  6  8   0.000e+00
  6  9   0.000e+00
  6 10   0.000e+00
  6 11   0.000e+00
  6 12   0.000e+00
  6 13   0.000e+00
  7  8   0.000e+00
  7  9   0.000e+00
  7 10   0.000e+00
  7 11   0.000e+00
  7 12   0.000e+00
  7 13   0.000e+00
  8  9   0.000e+00
  8 10   0.000e+00
  8 11   0.000e+00
  8 12   0.000e+00
  8 13   0.000e+00
  9 10   0.000e+00
  9 11   0.000e+00
  9 12   0.000e+00
  9 13   0.000e+00
 10 11   0.000e+00
 10 12   0.000e+00
 10 13   0.000e+00
 11 12   0.000e+00
 11 13   0.000e+00
 12 13   0.000e+00
  1  4        0.0
  2  4    41281.5
  3  6    41236.9
  4  2    62437.0
  5  4    62443.3
  6  2   184800.0
  7  4   184476.0
  8  6   183862.0
  9  4   254104.0
 10  6   254082.0
 11  2   299630.0
 12  2   320742.0
 13  4   320026.0
