 29
** Atomic data from version 7 of the CHIANTI database **
%experimental energy levels (n=2): Edlen B, 1985, Physica scripta, 31, 345
%experimental energy levels (n=3): Fuhr, J.R., Kelleher, D.E., Martin, W.C., Musgrove, A., Sugar, J., Wiese, W.L.,
        Dalton, G.R., Dragoset, R.A., Mohr, P.J., Olsen, K., Reader, J., Saloman, E.B., Sansonetti, C.J.,
        Wiersma, G., "NIST Atomic Spectra Database" Ver. 2.0, March 1999, NIST Physical Reference Data.
%theoretical energy levels: Griffin, D.C., Badnell, N.R., 2000, J.Phys.B, 33, 4389
%produced as part of the Arcetri/Cambridge/NRL 'CHIANTI' atomic data base collaboration
%
% E. Landi Jun 2001
%filename: ne_5.wgfa
%Experimental energy levels (n=2): Edlen B, 1985, Physica scripta, 31, 345
%experimental energy levels (n=3): Fuhr, J.R., et al., "NIST Atomic Spectra Database" Ver. 2.0, 
   March 1999, NIST Physical Reference Data.
%Theoretical energy levels: Badnell, N.R., Griffin, D.C., 2000, J.Phys.B, 33, 4389
%A-values: Badnell, N.R., Griffin, D.C., 2000, J.Phys.B, 33, 4389
%A-values (ground configuration): Galavis, M.E., Mendoza, C., Zeippen, C.J., 1997, A&AS, 123, 159
%A-values (2-4 and 3-4 transitions): Storey P.J., Zeippen C.J., MNRAS, 312, 813, 2000
%comment: the 1-2 and 1-4 A-values have been corrected to the Galavis et al. values (5-Jun-2006)
%produced as part of the Arcetri/Cambridge/NRL 'CHIANTI' atomic data base collaboration
%
% Enrico Landi and Peter Young - Jun 5, 2006

%filename: ne_5.splups
%Oscillator strengths: Badnell, N.R., Griffin, D.C., 2000, J.Phys.B, 33, 4389
%Effective collision strengths: Badnell, N.R., Griffin, D.C., 2000, J.Phys.B, 33, 4389
%comment: effective collision strengths were provided in the temperature range 3.0 < Log T < 6.0
% produced as part of the Arcetri/Cambridge/NRL 'CHIANTI' atomic data base collaboration
%
% Enrico Landi Jun 2001
15 23
  1  2s2.2p2 3P0
  2  2s2.2p2 3P1
  3  2s2.2p2 3P2
  4  2s2.2p2 1D2
  5  2s2.2p2 1S0
  6  2s.2p3 5S2
  7  2s.2p3 3D3
  8  2s.2p3 3D2
  9  2s.2p3 3D1
 10  2s.2p3 3P2
 11  2s.2p3 3P1
 12  2s.2p3 3P0
 13  2s.2p3 1D2
 14  2s.2p3 3S1
 15  2s.2p3 1P1
     100.0
     158.5
     251.2
     398.1
     631.0
    1000.0
    1584.9
    2511.9
    3981.1
    6309.6
   10000.0
   15848.9
   25118.9
   39810.7
   63095.8
  100000.0
  158489.2
  251188.7
  398107.1
  630957.6
 1000000.0
 1584892.5
 2511887.0
0
  1  2   2.75e+00
  0  0   2.74e+00
  0  0   2.72e+00
  0  0   2.70e+00
  0  0   2.66e+00
  0  0   2.59e+00
  0  0   2.49e+00
  0  0   2.35e+00
  0  0   2.14e+00
  0  0   1.88e+00
  0  0   1.61e+00
  0  0   1.38e+00
  0  0   1.10e+00
  0  0   7.09e-01
  0  0   8.29e-01
  0  0   7.46e-01
  0  0   6.23e-01
  0  0   5.73e-01
  0  0   4.83e-01
  0  0   3.86e-01
  0  0   3.11e-01
  0  0   2.59e-01
  0  0   2.25e-01
  1  3   3.24e+00
  0  0   3.23e+00
  0  0   3.21e+00
  0  0   3.18e+00
  0  0   3.13e+00
  0  0   3.05e+00
  0  0   2.93e+00
  0  0   2.74e+00
  0  0   2.44e+00
  0  0   2.01e+00
  0  0   1.62e+00
  0  0   1.33e+00
  0  0   9.75e-01
  0  0   8.36e-01
  0  0   6.46e-01
  0  0   5.54e-01
  0  0   4.93e-01
  0  0   4.02e-01
  0  0   3.17e-01
  0  0   2.54e-01
  0  0   2.10e-01
  0  0   1.82e-01
  0  0   1.64e-01
  1  4   2.00e-01
  0  0   2.01e-01
  0  0   2.01e-01
  0  0   2.01e-01
  0  0   2.02e-01
  0  0   2.03e-01
  0  0   2.04e-01
  0  0   2.06e-01
  0  0   2.08e-01
  0  0   2.09e-01
  0  0   2.06e-01
  0  0   1.98e-01
  0  0   2.10e-01
  0  0   2.27e-01
  0  0   2.14e-01
  0  0   2.06e-01
  0  0   1.91e-01
  0  0   1.75e-01
  0  0   1.54e-01
  0  0   1.31e-01
  0  0   1.11e-01
  0  0   9.74e-02
  0  0   8.81e-02
  1  5   6.05e-02
  0  0   6.00e-02
  0  0   5.93e-02
  0  0   5.82e-02
  0  0   5.65e-02
  0  0   5.38e-02
  0  0   4.99e-02
  0  0   4.47e-02
  0  0   3.91e-02
  0  0   3.53e-02
  0  0   3.18e-02
  0  0   2.70e-02
  0  0   2.87e-02
  0  0   3.15e-02
  0  0   2.76e-02
  0  0   2.64e-02
  0  0   2.66e-02
  0  0   2.41e-02
  0  0   2.08e-02
  0  0   1.82e-02
  0  0   1.63e-02
  0  0   1.50e-02
  0  0   1.42e-02
  1  6   2.13e-02
  0  0   2.17e-02
  0  0   2.24e-02
  0  0   2.35e-02
  0  0   2.52e-02
  0  0   2.82e-02
  0  0   3.36e-02
  0  0   4.46e-02
  0  0   7.01e-02
  0  0   1.16e-01
  0  0   1.40e-01
  0  0   1.26e-01
  0  0   1.38e-01
  0  0   1.37e-01
  0  0   1.16e-01
  0  0   1.02e-01
  0  0   8.91e-02
  0  0   7.29e-02
  0  0   5.86e-02
  0  0   4.80e-02
  0  0   4.09e-02
  0  0   3.62e-02
  0  0   3.32e-02
  1  7   1.30e-01
  0  0   1.31e-01
  0  0   1.32e-01
  0  0   1.34e-01
  0  0   1.38e-01
  0  0   1.43e-01
  0  0   1.50e-01
  0  0   1.55e-01
  0  0   1.50e-01
  0  0   1.24e-01
  0  0   1.06e-01
  0  0   1.00e-01
  0  0   8.65e-02
  0  0   8.44e-02
  0  0   6.63e-02
  0  0   5.30e-02
  0  0   4.23e-02
  0  0   3.15e-02
  0  0   2.28e-02
  0  0   1.66e-02
  0  0   1.25e-02
  0  0   9.80e-03
  0  0   8.07e-03
  1  8   1.01e-01
  0  0   1.01e-01
  0  0   1.02e-01
  0  0   1.02e-01
  0  0   1.03e-01
  0  0   1.04e-01
  0  0   1.05e-01
  0  0   1.06e-01
  0  0   1.02e-01
  0  0   9.02e-02
  0  0   8.15e-02
  0  0   8.38e-02
  0  0   7.17e-02
  0  0   7.14e-02
  0  0   6.10e-02
  0  0   5.41e-02
  0  0   5.05e-02
  0  0   4.40e-02
  0  0   3.74e-02
  0  0   3.24e-02
  0  0   2.89e-02
  0  0   2.66e-02
  0  0   2.52e-02
  1  9   5.28e-01
  0  0   5.28e-01
  0  0   5.29e-01
  0  0   5.30e-01
  0  0   5.31e-01
  0  0   5.33e-01
  0  0   5.36e-01
  0  0   5.41e-01
  0  0   5.49e-01
  0  0   5.59e-01
  0  0   5.70e-01
  0  0   5.76e-01
  0  0   5.69e-01
  0  0   5.67e-01
  0  0   5.76e-01
  0  0   5.84e-01
  0  0   5.98e-01
  0  0   6.23e-01
  0  0   6.59e-01
  0  0   7.04e-01
  0  0   7.63e-01
  0  0   8.36e-01
  0  0   9.22e-01
  1 10   7.34e-02
  0  0   7.31e-02
  0  0   7.24e-02
  0  0   7.15e-02
  0  0   7.00e-02
  0  0   6.76e-02
  0  0   6.40e-02
  0  0   5.87e-02
  0  0   5.14e-02
  0  0   4.30e-02
  0  0   3.75e-02
  0  0   3.59e-02
  0  0   3.03e-02
  0  0   2.34e-02
  0  0   2.32e-02
  0  0   2.03e-02
  0  0   1.62e-02
  0  0   1.73e-02
  0  0   1.64e-02
  0  0   1.37e-02
  0  0   1.12e-02
  0  0   9.36e-03
  0  0   8.12e-03
  1 11   4.12e-01
  0  0   4.13e-01
  0  0   4.13e-01
  0  0   4.14e-01
  0  0   4.16e-01
  0  0   4.18e-01
  0  0   4.22e-01
  0  0   4.28e-01
  0  0   4.36e-01
  0  0   4.48e-01
  0  0   4.61e-01
  0  0   4.69e-01
  0  0   4.65e-01
  0  0   4.69e-01
  0  0   4.84e-01
  0  0   4.97e-01
  0  0   5.16e-01
  0  0   5.40e-01
  0  0   5.73e-01
  0  0   6.17e-01
  0  0   6.73e-01
  0  0   7.41e-01
  0  0   8.22e-01
  1 12   1.33e-02
  0  0   1.33e-02
  0  0   1.32e-02
  0  0   1.32e-02
  0  0   1.30e-02
  0  0   1.28e-02
  0  0   1.25e-02
  0  0   1.20e-02
  0  0   1.12e-02
  0  0   1.03e-02
  0  0   9.40e-03
  0  0   8.82e-03
  0  0   8.10e-03
  0  0   7.33e-03
  0  0   7.17e-03
  0  0   6.85e-03
  0  0   6.54e-03
  0  0   6.52e-03
  0  0   6.14e-03
  0  0   5.42e-03
  0  0   4.74e-03
  0  0   4.24e-03
  0  0   3.90e-03
  1 13   4.00e-02
  0  0   4.00e-02
  0  0   4.00e-02
  0  0   3.99e-02
  0  0   3.97e-02
  0  0   3.95e-02
  0  0   3.91e-02
  0  0   3.86e-02
  0  0   3.78e-02
  0  0   3.66e-02
  0  0   3.49e-02
  0  0   3.27e-02
  0  0   3.00e-02
  0  0   2.71e-02
  0  0   2.61e-02
  0  0   2.50e-02
  0  0   2.31e-02
  0  0   2.34e-02
  0  0   2.21e-02
  0  0   1.96e-02
  0  0   1.72e-02
  0  0   1.55e-02
  0  0   1.44e-02
  1 14   3.75e-01
  0  0   3.75e-01
  0  0   3.75e-01
  0  0   3.76e-01
  0  0   3.76e-01
  0  0   3.77e-01
  0  0   3.78e-01
  0  0   3.79e-01
  0  0   3.81e-01
  0  0   3.84e-01
  0  0   3.88e-01
  0  0   3.91e-01
  0  0   3.91e-01
  0  0   3.92e-01
  0  0   3.95e-01
  0  0   4.00e-01
  0  0   4.13e-01
  0  0   4.25e-01
  0  0   4.46e-01
  0  0   4.82e-01
  0  0   5.27e-01
  0  0   5.81e-01
  0  0   6.45e-01
  1 15   9.85e-03
  0  0   9.85e-03
  0  0   9.85e-03
  0  0   9.86e-03
  0  0   9.87e-03
  0  0   9.88e-03
  0  0   9.90e-03
  0  0   9.94e-03
  0  0   1.00e-02
  0  0   1.01e-02
  0  0   1.03e-02
  0  0   1.06e-02
  0  0   1.07e-02
  0  0   1.06e-02
  0  0   1.09e-02
  0  0   1.09e-02
  0  0   1.06e-02
  0  0   1.06e-02
  0  0   1.00e-02
  0  0   8.75e-03
  0  0   7.49e-03
  0  0   6.54e-03
  0  0   5.89e-03
  2  3   9.81e+00
  0  0   9.78e+00
  0  0   9.74e+00
  0  0   9.66e+00
  0  0   9.55e+00
  0  0   9.37e+00
  0  0   9.09e+00
  0  0   8.63e+00
  0  0   7.86e+00
  0  0   6.65e+00
  0  0   5.47e+00
  0  0   4.63e+00
  0  0   3.47e+00
  0  0   3.16e+00
  0  0   2.45e+00
  0  0   2.14e+00
  0  0   2.03e+00
  0  0   1.69e+00
  0  0   1.32e+00
  0  0   1.03e+00
  0  0   8.33e-01
  0  0   7.00e-01
  0  0   6.14e-01
  2  4   6.04e-01
  0  0   6.04e-01
  0  0   6.05e-01
  0  0   6.06e-01
  0  0   6.08e-01
  0  0   6.11e-01
  0  0   6.15e-01
  0  0   6.21e-01
  0  0   6.28e-01
  0  0   6.32e-01
  0  0   6.22e-01
  0  0   6.09e-01
  0  0   6.34e-01
  0  0   6.16e-01
  0  0   6.46e-01
  0  0   6.23e-01
  0  0   5.52e-01
  0  0   5.30e-01
  0  0   4.73e-01
  0  0   3.98e-01
  0  0   3.36e-01
  0  0   2.92e-01
  0  0   2.63e-01
  2  5   1.71e-01
  0  0   1.70e-01
  0  0   1.69e-01
  0  0   1.66e-01
  0  0   1.63e-01
  0  0   1.58e-01
  0  0   1.50e-01
  0  0   1.38e-01
  0  0   1.22e-01
  0  0   1.05e-01
  0  0   9.62e-02
  0  0   9.74e-02
  0  0   8.70e-02
  0  0   6.41e-02
  0  0   8.39e-02
  0  0   8.06e-02
  0  0   6.57e-02
  0  0   7.20e-02
  0  0   6.82e-02
  0  0   5.75e-02
  0  0   4.76e-02
  0  0   4.04e-02
  0  0   3.55e-02
  2  6   6.19e-02
  0  0   6.33e-02
  0  0   6.56e-02
  0  0   6.91e-02
  0  0   7.49e-02
  0  0   8.43e-02
  0  0   1.01e-01
  0  0   1.34e-01
  0  0   2.08e-01
  0  0   3.51e-01
  0  0   4.22e-01
  0  0   3.23e-01
  0  0   4.15e-01
  0  0   3.30e-01
  0  0   3.49e-01
  0  0   3.06e-01
  0  0   2.33e-01
  0  0   2.15e-01
  0  0   1.93e-01
  0  0   1.55e-01
  0  0   1.15e-01
  0  0   8.00e-02
  0  0   5.38e-02
  2  7   4.12e-01
  0  0   4.14e-01
  0  0   4.17e-01
  0  0   4.22e-01
  0  0   4.29e-01
  0  0   4.40e-01
  0  0   4.53e-01
  0  0   4.63e-01
  0  0   4.45e-01
  0  0   3.78e-01
  0  0   3.30e-01
  0  0   3.09e-01
  0  0   2.78e-01
  0  0   2.85e-01
  0  0   2.22e-01
  0  0   1.85e-01
  0  0   1.57e-01
  0  0   1.26e-01
  0  0   9.85e-02
  0  0   7.89e-02
  0  0   6.57e-02
  0  0   5.71e-02
  0  0   5.15e-02
  2  8   1.28e+00
  0  0   1.28e+00
  0  0   1.29e+00
  0  0   1.30e+00
  0  0   1.31e+00
  0  0   1.33e+00
  0  0   1.35e+00
  0  0   1.39e+00
  0  0   1.43e+00
  0  0   1.46e+00
  0  0   1.42e+00
  0  0   1.39e+00
  0  0   1.43e+00
  0  0   1.39e+00
  0  0   1.41e+00
  0  0   1.40e+00
  0  0   1.39e+00
  0  0   1.45e+00
  0  0   1.53e+00
  0  0   1.62e+00
  0  0   1.73e+00
  0  0   1.89e+00
  0  0   2.07e+00
  2  9   4.98e-01
  0  0   4.99e-01
  0  0   5.01e-01
  0  0   5.05e-01
  0  0   5.10e-01
  0  0   5.18e-01
  0  0   5.29e-01
  0  0   5.40e-01
  0  0   5.42e-01
  0  0   5.24e-01
  0  0   5.14e-01
  0  0   5.19e-01
  0  0   5.04e-01
  0  0   5.30e-01
  0  0   4.93e-01
  0  0   4.84e-01
  0  0   5.09e-01
  0  0   5.20e-01
  0  0   5.22e-01
  0  0   5.35e-01
  0  0   5.64e-01
  0  0   6.08e-01
  0  0   6.64e-01
  2 10   6.56e-01
  0  0   6.56e-01
  0  0   6.56e-01
  0  0   6.56e-01
  0  0   6.55e-01
  0  0   6.55e-01
  0  0   6.54e-01
  0  0   6.52e-01
  0  0   6.49e-01
  0  0   6.44e-01
  0  0   6.34e-01
  0  0   6.24e-01
  0  0   6.32e-01
  0  0   6.36e-01
  0  0   6.38e-01
  0  0   6.47e-01
  0  0   6.58e-01
  0  0   6.91e-01
  0  0   7.33e-01
  0  0   7.79e-01
  0  0   8.35e-01
  0  0   9.10e-01
  0  0   1.00e+00
  2 11   4.18e-01
  0  0   4.18e-01
  0  0   4.18e-01
  0  0   4.19e-01
  0  0   4.19e-01
  0  0   4.19e-01
  0  0   4.20e-01
  0  0   4.21e-01
  0  0   4.22e-01
  0  0   4.25e-01
  0  0   4.27e-01
  0  0   4.27e-01
  0  0   4.23e-01
  0  0   4.20e-01
  0  0   4.30e-01
  0  0   4.37e-01
  0  0   4.48e-01
  0  0   4.68e-01
  0  0   4.93e-01
  0  0   5.24e-01
  0  0   5.65e-01
  0  0   6.18e-01
  0  0   6.81e-01
  2 12   4.43e-01
  0  0   4.43e-01
  0  0   4.44e-01
  0  0   4.44e-01
  0  0   4.45e-01
  0  0   4.46e-01
  0  0   4.49e-01
  0  0   4.52e-01
  0  0   4.57e-01
  0  0   4.64e-01
  0  0   4.72e-01
  0  0   4.80e-01
  0  0   4.79e-01
  0  0   4.79e-01
  0  0   4.96e-01
  0  0   5.09e-01
  0  0   5.26e-01
  0  0   5.52e-01
  0  0   5.86e-01
  0  0   6.31e-01
  0  0   6.89e-01
  0  0   7.60e-01
  0  0   8.44e-01
  2 13   6.60e-02
  0  0   6.72e-02
  0  0   6.91e-02
  0  0   7.20e-02
  0  0   7.65e-02
  0  0   8.33e-02
  0  0   9.30e-02
  0  0   1.05e-01
  0  0   1.14e-01
  0  0   1.10e-01
  0  0   1.05e-01
  0  0   1.19e-01
  0  0   9.04e-02
  0  0   7.04e-02
  0  0   7.89e-02
  0  0   7.54e-02
  0  0   6.74e-02
  0  0   7.00e-02
  0  0   6.99e-02
  0  0   6.21e-02
  0  0   4.98e-02
  0  0   3.71e-02
  0  0   2.61e-02
  2 14   1.13e+00
  0  0   1.13e+00
  0  0   1.13e+00
  0  0   1.13e+00
  0  0   1.13e+00
  0  0   1.13e+00
  0  0   1.14e+00
  0  0   1.14e+00
  0  0   1.15e+00
  0  0   1.16e+00
  0  0   1.17e+00
  0  0   1.16e+00
  0  0   1.18e+00
  0  0   1.21e+00
  0  0   1.19e+00
  0  0   1.21e+00
  0  0   1.23e+00
  0  0   1.28e+00
  0  0   1.37e+00
  0  0   1.46e+00
  0  0   1.58e+00
  0  0   1.72e+00
  0  0   1.91e+00
  2 15   3.06e-02
  0  0   3.06e-02
  0  0   3.07e-02
  0  0   3.07e-02
  0  0   3.07e-02
  0  0   3.08e-02
  0  0   3.09e-02
  0  0   3.10e-02
  0  0   3.13e-02
  0  0   3.16e-02
  0  0   3.21e-02
  0  0   3.28e-02
  0  0   3.33e-02
  0  0   3.33e-02
  0  0   3.37e-02
  0  0   3.38e-02
  0  0   3.54e-02
  0  0   3.28e-02
  0  0   2.95e-02
  0  0   2.72e-02
  0  0   2.34e-02
  0  0   1.84e-02
  0  0   1.34e-02
  3  4   6.13e-01
  0  0   6.26e-01
  0  0   6.47e-01
  0  0   6.79e-01
  0  0   7.29e-01
  0  0   8.05e-01
  0  0   9.11e-01
  0  0   1.04e+00
  0  0   1.13e+00
  0  0   1.07e+00
  0  0   1.05e+00
  0  0   1.18e+00
  0  0   1.07e+00
  0  0   1.19e+00
  0  0   1.09e+00
  0  0   1.05e+00
  0  0   1.03e+00
  0  0   9.02e-01
  0  0   7.61e-01
  0  0   6.50e-01
  0  0   5.73e-01
  0  0   5.22e-01
  0  0   4.89e-01
  3  5   2.99e-01
  0  0   2.97e-01
  0  0   2.94e-01
  0  0   2.89e-01
  0  0   2.80e-01
  0  0   2.68e-01
  0  0   2.50e-01
  0  0   2.25e-01
  0  0   1.98e-01
  0  0   1.79e-01
  0  0   1.62e-01
  0  0   1.34e-01
  0  0   1.46e-01
  0  0   1.55e-01
  0  0   1.40e-01
  0  0   1.35e-01
  0  0   1.35e-01
  0  0   1.22e-01
  0  0   1.05e-01
  0  0   9.13e-02
  0  0   8.16e-02
  0  0   7.51e-02
  0  0   7.09e-02
  3  6   8.62e-02
  0  0   8.93e-02
  0  0   9.43e-02
  0  0   1.02e-01
  0  0   1.15e-01
  0  0   1.35e-01
  0  0   1.69e-01
  0  0   2.32e-01
  0  0   3.62e-01
  0  0   5.88e-01
  0  0   7.16e-01
  0  0   6.28e-01
  0  0   7.02e-01
  0  0   7.22e-01
  0  0   5.93e-01
  0  0   5.17e-01
  0  0   4.68e-01
  0  0   3.85e-01
  0  0   3.03e-01
  0  0   2.42e-01
  0  0   1.99e-01
  0  0   1.71e-01
  0  0   1.53e-01
  3  7   2.53e+00
  0  0   2.53e+00
  0  0   2.54e+00
  0  0   2.55e+00
  0  0   2.58e+00
  0  0   2.61e+00
  0  0   2.66e+00
  0  0   2.73e+00
  0  0   2.80e+00
  0  0   2.83e+00
  0  0   2.71e+00
  0  0   2.60e+00
  0  0   2.70e+00
  0  0   2.62e+00
  0  0   2.65e+00
  0  0   2.64e+00
  0  0   2.62e+00
  0  0   2.72e+00
  0  0   2.85e+00
  0  0   3.00e+00
  0  0   3.20e+00
  0  0   3.47e+00
  0  0   3.80e+00
  3  8   9.16e-01
  0  0   9.15e-01
  0  0   9.13e-01
  0  0   9.11e-01
  0  0   9.07e-01
  0  0   9.01e-01
  0  0   8.92e-01
  0  0   8.78e-01
  0  0   8.57e-01
  0  0   8.25e-01
  0  0   7.79e-01
  0  0   7.28e-01
  0  0   7.18e-01
  0  0   7.13e-01
  0  0   6.47e-01
  0  0   6.08e-01
  0  0   5.82e-01
  0  0   5.63e-01
  0  0   5.55e-01
  0  0   5.63e-01
  0  0   5.87e-01
  0  0   6.26e-01
  0  0   6.77e-01
  3  9   3.98e-01
  0  0   3.97e-01
  0  0   3.95e-01
  0  0   3.92e-01
  0  0   3.87e-01
  0  0   3.79e-01
  0  0   3.67e-01
  0  0   3.49e-01
  0  0   3.24e-01
  0  0   2.90e-01
  0  0   2.53e-01
  0  0   2.24e-01
  0  0   2.15e-01
  0  0   2.03e-01
  0  0   1.74e-01
  0  0   1.47e-01
  0  0   1.28e-01
  0  0   1.04e-01
  0  0   8.44e-02
  0  0   7.33e-02
  0  0   6.85e-02
  0  0   6.74e-02
  0  0   6.86e-02
  3 10   1.84e+00
  0  0   1.84e+00
  0  0   1.84e+00
  0  0   1.84e+00
  0  0   1.84e+00
  0  0   1.85e+00
  0  0   1.85e+00
  0  0   1.86e+00
  0  0   1.87e+00
  0  0   1.88e+00
  0  0   1.90e+00
  0  0   1.92e+00
  0  0   1.92e+00
  0  0   1.92e+00
  0  0   1.97e+00
  0  0   2.02e+00
  0  0   2.08e+00
  0  0   2.17e+00
  0  0   2.29e+00
  0  0   2.46e+00
  0  0   2.68e+00
  0  0   2.95e+00
  0  0   3.27e+00
  3 11   6.89e-01
  0  0   6.89e-01
  0  0   6.89e-01
  0  0   6.88e-01
  0  0   6.87e-01
  0  0   6.86e-01
  0  0   6.84e-01
  0  0   6.82e-01
  0  0   6.78e-01
  0  0   6.71e-01
  0  0   6.62e-01
  0  0   6.52e-01
  0  0   6.60e-01
  0  0   6.90e-01
  0  0   6.67e-01
  0  0   6.76e-01
  0  0   7.04e-01
  0  0   7.22e-01
  0  0   7.59e-01
  0  0   8.10e-01
  0  0   8.76e-01
  0  0   9.58e-01
  0  0   1.06e+00
  3 12   8.06e-02
  0  0   8.00e-02
  0  0   7.92e-02
  0  0   7.79e-02
  0  0   7.58e-02
  0  0   7.26e-02
  0  0   6.78e-02
  0  0   6.09e-02
  0  0   5.21e-02
  0  0   4.35e-02
  0  0   3.80e-02
  0  0   3.66e-02
  0  0   3.08e-02
  0  0   2.66e-02
  0  0   2.37e-02
  0  0   2.07e-02
  0  0   1.98e-02
  0  0   1.78e-02
  0  0   1.52e-02
  0  0   1.31e-02
  0  0   1.15e-02
  0  0   1.05e-02
  0  0   9.84e-03
  3 13   1.70e-01
  0  0   1.70e-01
  0  0   1.71e-01
  0  0   1.71e-01
  0  0   1.72e-01
  0  0   1.74e-01
  0  0   1.76e-01
  0  0   1.79e-01
  0  0   1.82e-01
  0  0   1.84e-01
  0  0   1.77e-01
  0  0   1.63e-01
  0  0   1.52e-01
  0  0   1.32e-01
  0  0   1.33e-01
  0  0   1.27e-01
  0  0   1.17e-01
  0  0   1.19e-01
  0  0   1.12e-01
  0  0   9.92e-02
  0  0   8.82e-02
  0  0   8.02e-02
  0  0   7.48e-02
  3 14   1.89e+00
  0  0   1.89e+00
  0  0   1.89e+00
  0  0   1.89e+00
  0  0   1.90e+00
  0  0   1.90e+00
  0  0   1.91e+00
  0  0   1.92e+00
  0  0   1.94e+00
  0  0   1.96e+00
  0  0   1.97e+00
  0  0   1.96e+00
  0  0   1.98e+00
  0  0   2.00e+00
  0  0   2.01e+00
  0  0   2.03e+00
  0  0   2.03e+00
  0  0   2.16e+00
  0  0   2.32e+00
  0  0   2.47e+00
  0  0   2.65e+00
  0  0   2.90e+00
  0  0   3.21e+00
  3 15   5.26e-02
  0  0   5.26e-02
  0  0   5.26e-02
  0  0   5.27e-02
  0  0   5.27e-02
  0  0   5.28e-02
  0  0   5.30e-02
  0  0   5.32e-02
  0  0   5.36e-02
  0  0   5.42e-02
  0  0   5.49e-02
  0  0   5.59e-02
  0  0   5.68e-02
  0  0   5.73e-02
  0  0   5.73e-02
  0  0   5.74e-02
  0  0   5.80e-02
  0  0   5.53e-02
  0  0   5.00e-02
  0  0   4.56e-02
  0  0   3.92e-02
  0  0   3.10e-02
  0  0   2.29e-02
  4  5   3.38e-01
  0  0   3.44e-01
  0  0   3.54e-01
  0  0   3.69e-01
  0  0   3.93e-01
  0  0   4.28e-01
  0  0   4.78e-01
  0  0   5.40e-01
  0  0   5.88e-01
  0  0   5.78e-01
  0  0   5.45e-01
  0  0   5.46e-01
  0  0   6.00e-01
  0  0   7.35e-01
  0  0   6.83e-01
  0  0   6.60e-01
  0  0   6.32e-01
  0  0   5.48e-01
  0  0   4.61e-01
  0  0   3.94e-01
  0  0   3.48e-01
  0  0   3.18e-01
  0  0   2.98e-01
  4  6   3.05e-05
  0  0   3.15e-05
  0  0   3.31e-05
  0  0   3.56e-05
  0  0   3.97e-05
  0  0   4.66e-05
  0  0   5.89e-05
  0  0   8.41e-05
  0  0   1.43e-04
  0  0   2.89e-04
  0  0   3.99e-04
  0  0   1.00e-22
  0  0   1.15e-03
  0  0   3.76e-03
  0  0   4.67e-03
  0  0   5.69e-03
  0  0   5.38e-03
  0  0   4.83e-03
  0  0   4.12e-03
  0  0   3.21e-03
  0  0   2.32e-03
  0  0   1.60e-03
  0  0   1.06e-03
  4  7   2.18e-01
  0  0   2.19e-01
  0  0   2.22e-01
  0  0   2.26e-01
  0  0   2.33e-01
  0  0   2.44e-01
  0  0   2.60e-01
  0  0   2.85e-01
  0  0   3.21e-01
  0  0   3.71e-01
  0  0   4.33e-01
  0  0   4.95e-01
  0  0   5.63e-01
  0  0   6.11e-01
  0  0   5.72e-01
  0  0   5.24e-01
  0  0   5.00e-01
  0  0   4.00e-01
  0  0   3.26e-01
  0  0   2.89e-01
  0  0   2.40e-01
  0  0   1.82e-01
  0  0   1.29e-01
  4  8   1.50e-01
  0  0   1.51e-01
  0  0   1.53e-01
  0  0   1.57e-01
  0  0   1.62e-01
  0  0   1.70e-01
  0  0   1.83e-01
  0  0   2.02e-01
  0  0   2.31e-01
  0  0   2.69e-01
  0  0   3.11e-01
  0  0   3.49e-01
  0  0   4.06e-01
  0  0   4.58e-01
  0  0   4.12e-01
  0  0   3.77e-01
  0  0   3.61e-01
  0  0   2.88e-01
  0  0   2.34e-01
  0  0   2.08e-01
  0  0   1.73e-01
  0  0   1.31e-01
  0  0   9.35e-02
  4  9   9.29e-02
  0  0   9.36e-02
  0  0   9.49e-02
  0  0   9.68e-02
  0  0   9.98e-02
  0  0   1.05e-01
  0  0   1.12e-01
  0  0   1.23e-01
  0  0   1.39e-01
  0  0   1.61e-01
  0  0   1.87e-01
  0  0   2.11e-01
  0  0   2.43e-01
  0  0   2.70e-01
  0  0   2.47e-01
  0  0   2.26e-01
  0  0   2.16e-01
  0  0   1.73e-01
  0  0   1.41e-01
  0  0   1.25e-01
  0  0   1.04e-01
  0  0   7.90e-02
  0  0   5.62e-02
  4 10   5.53e-02
  0  0   5.65e-02
  0  0   5.84e-02
  0  0   6.13e-02
  0  0   6.60e-02
  0  0   7.33e-02
  0  0   8.45e-02
  0  0   1.02e-01
  0  0   1.28e-01
  0  0   1.64e-01
  0  0   2.11e-01
  0  0   2.59e-01
  0  0   2.67e-01
  0  0   2.37e-01
  0  0   2.49e-01
  0  0   2.19e-01
  0  0   1.94e-01
  0  0   1.59e-01
  0  0   1.29e-01
  0  0   1.10e-01
  0  0   8.86e-02
  0  0   6.63e-02
  0  0   4.67e-02
  4 11   3.24e-02
  0  0   3.31e-02
  0  0   3.42e-02
  0  0   3.60e-02
  0  0   3.88e-02
  0  0   4.32e-02
  0  0   4.99e-02
  0  0   6.03e-02
  0  0   7.58e-02
  0  0   9.77e-02
  0  0   1.26e-01
  0  0   1.54e-01
  0  0   1.59e-01
  0  0   1.42e-01
  0  0   1.48e-01
  0  0   1.30e-01
  0  0   1.16e-01
  0  0   9.49e-02
  0  0   7.71e-02
  0  0   6.56e-02
  0  0   5.29e-02
  0  0   3.96e-02
  0  0   2.79e-02
  4 12   1.14e-02
  0  0   1.16e-02
  0  0   1.20e-02
  0  0   1.25e-02
  0  0   1.34e-02
  0  0   1.48e-02
  0  0   1.70e-02
  0  0   2.03e-02
  0  0   2.53e-02
  0  0   3.25e-02
  0  0   4.21e-02
  0  0   5.16e-02
  0  0   5.29e-02
  0  0   5.04e-02
  0  0   4.92e-02
  0  0   4.32e-02
  0  0   3.52e-02
  0  0   3.14e-02
  0  0   2.69e-02
  0  0   2.17e-02
  0  0   1.74e-02
  0  0   1.44e-02
  0  0   1.23e-02
  4 13   3.98e+00
  0  0   3.99e+00
  0  0   4.00e+00
  0  0   4.01e+00
  0  0   4.03e+00
  0  0   4.07e+00
  0  0   4.12e+00
  0  0   4.21e+00
  0  0   4.32e+00
  0  0   4.44e+00
  0  0   4.49e+00
  0  0   4.41e+00
  0  0   4.59e+00
  0  0   4.84e+00
  0  0   4.65e+00
  0  0   4.70e+00
  0  0   4.77e+00
  0  0   4.97e+00
  0  0   5.29e+00
  0  0   5.64e+00
  0  0   6.06e+00
  0  0   6.61e+00
  0  0   7.30e+00
  4 14   6.34e-02
  0  0   6.36e-02
  0  0   6.40e-02
  0  0   6.47e-02
  0  0   6.57e-02
  0  0   6.73e-02
  0  0   6.97e-02
  0  0   7.32e-02
  0  0   7.78e-02
  0  0   8.21e-02
  0  0   8.09e-02
  0  0   6.96e-02
  0  0   5.71e-02
  0  0   4.70e-02
  0  0   3.73e-02
  0  0   3.06e-02
  0  0   2.57e-02
  0  0   2.12e-02
  0  0   1.78e-02
  0  0   1.47e-02
  0  0   1.14e-02
  0  0   8.30e-03
  0  0   5.79e-03
  4 15   2.40e+00
  0  0   2.40e+00
  0  0   2.40e+00
  0  0   2.40e+00
  0  0   2.40e+00
  0  0   2.41e+00
  0  0   2.41e+00
  0  0   2.42e+00
  0  0   2.43e+00
  0  0   2.44e+00
  0  0   2.42e+00
  0  0   2.38e+00
  0  0   2.39e+00
  0  0   2.40e+00
  0  0   2.43e+00
  0  0   2.47e+00
  0  0   2.49e+00
  0  0   2.65e+00
  0  0   2.85e+00
  0  0   3.04e+00
  0  0   3.26e+00
  0  0   3.57e+00
  0  0   3.96e+00
  5  6   2.20e-06
  0  0   2.37e-06
  0  0   2.65e-06
  0  0   3.08e-06
  0  0   3.75e-06
  0  0   4.78e-06
  0  0   6.33e-06
  0  0   8.68e-06
  0  0   1.38e-05
  0  0   2.82e-05
  0  0   4.07e-05
  0  0   4.46e-05
  0  0   6.94e-05
  0  0   1.12e-04
  0  0   1.49e-04
  0  0   1.81e-04
  0  0   2.07e-04
  0  0   2.26e-04
  0  0   2.39e-04
  0  0   2.48e-04
  0  0   2.54e-04
  0  0   2.57e-04
  0  0   2.60e-04
  5  7   2.48e-02
  0  0   2.51e-02
  0  0   2.55e-02
  0  0   2.61e-02
  0  0   2.71e-02
  0  0   2.85e-02
  0  0   3.04e-02
  0  0   3.21e-02
  0  0   3.14e-02
  0  0   2.60e-02
  0  0   2.72e-02
  0  0   3.63e-02
  0  0   3.40e-02
  0  0   3.64e-02
  0  0   3.21e-02
  0  0   2.75e-02
  0  0   2.30e-02
  0  0   1.76e-02
  0  0   1.28e-02
  0  0   9.39e-03
  0  0   7.06e-03
  0  0   5.53e-03
  0  0   4.55e-03
  5  8   2.02e-02
  0  0   2.04e-02
  0  0   2.06e-02
  0  0   2.09e-02
  0  0   2.13e-02
  0  0   2.20e-02
  0  0   2.28e-02
  0  0   2.35e-02
  0  0   2.25e-02
  0  0   1.88e-02
  0  0   2.01e-02
  0  0   2.70e-02
  0  0   2.60e-02
  0  0   2.81e-02
  0  0   2.45e-02
  0  0   2.09e-02
  0  0   1.74e-02
  0  0   1.33e-02
  0  0   9.76e-03
  0  0   7.18e-03
  0  0   5.44e-03
  0  0   4.30e-03
  0  0   3.56e-03
  5  9   1.21e-02
  0  0   1.22e-02
  0  0   1.23e-02
  0  0   1.24e-02
  0  0   1.26e-02
  0  0   1.29e-02
  0  0   1.33e-02
  0  0   1.35e-02
  0  0   1.29e-02
  0  0   1.08e-02
  0  0   1.15e-02
  0  0   1.53e-02
  0  0   1.49e-02
  0  0   1.63e-02
  0  0   1.42e-02
  0  0   1.22e-02
  0  0   1.03e-02
  0  0   7.95e-03
  0  0   5.91e-03
  0  0   4.42e-03
  0  0   3.40e-03
  0  0   2.74e-03
  0  0   2.31e-03
  5 10   5.90e-02
  0  0   5.93e-02
  0  0   5.98e-02
  0  0   6.05e-02
  0  0   6.17e-02
  0  0   6.36e-02
  0  0   6.65e-02
  0  0   7.09e-02
  0  0   7.76e-02
  0  0   8.72e-02
  0  0   1.00e-01
  0  0   1.13e-01
  0  0   1.15e-01
  0  0   1.12e-01
  0  0   1.14e-01
  0  0   1.09e-01
  0  0   9.68e-02
  0  0   9.51e-02
  0  0   8.87e-02
  0  0   7.76e-02
  0  0   6.76e-02
  0  0   6.03e-02
  0  0   5.54e-02
  5 11   3.66e-02
  0  0   3.68e-02
  0  0   3.71e-02
  0  0   3.75e-02
  0  0   3.82e-02
  0  0   3.93e-02
  0  0   4.10e-02
  0  0   4.36e-02
  0  0   4.75e-02
  0  0   5.32e-02
  0  0   6.08e-02
  0  0   6.85e-02
  0  0   6.96e-02
  0  0   6.77e-02
  0  0   6.93e-02
  0  0   6.61e-02
  0  0   5.88e-02
  0  0   5.81e-02
  0  0   5.44e-02
  0  0   4.77e-02
  0  0   4.16e-02
  0  0   3.71e-02
  0  0   3.41e-02
  5 12   1.31e-02
  0  0   1.31e-02
  0  0   1.32e-02
  0  0   1.33e-02
  0  0   1.35e-02
  0  0   1.38e-02
  0  0   1.43e-02
  0  0   1.50e-02
  0  0   1.61e-02
  0  0   1.78e-02
  0  0   2.05e-02
  0  0   2.33e-02
  0  0   2.33e-02
  0  0   2.16e-02
  0  0   2.32e-02
  0  0   2.21e-02
  0  0   1.93e-02
  0  0   1.94e-02
  0  0   1.82e-02
  0  0   1.59e-02
  0  0   1.39e-02
  0  0   1.25e-02
  0  0   1.15e-02
  5 13   7.65e-03
  0  0   8.08e-03
  0  0   8.74e-03
  0  0   9.79e-03
  0  0   1.14e-02
  0  0   1.40e-02
  0  0   1.78e-02
  0  0   2.33e-02
  0  0   3.05e-02
  0  0   3.78e-02
  0  0   4.18e-02
  0  0   4.15e-02
  0  0   3.82e-02
  0  0   3.35e-02
  0  0   2.87e-02
  0  0   2.47e-02
  0  0   2.16e-02
  0  0   1.82e-02
  0  0   1.46e-02
  0  0   1.16e-02
  0  0   9.47e-03
  0  0   8.05e-03
  0  0   7.12e-03
  5 14   1.78e-04
  0  0   1.79e-04
  0  0   1.80e-04
  0  0   1.82e-04
  0  0   1.86e-04
  0  0   1.91e-04
  0  0   1.99e-04
  0  0   2.11e-04
  0  0   2.28e-04
  0  0   2.44e-04
  0  0   2.42e-04
  0  0   2.12e-04
  0  0   2.67e-04
  0  0   4.33e-04
  0  0   5.14e-04
  0  0   6.99e-04
  0  0   8.76e-04
  0  0   8.12e-04
  0  0   7.13e-04
  0  0   6.42e-04
  0  0   5.36e-04
  0  0   4.10e-04
  0  0   2.93e-04
  5 15   8.41e-01
  0  0   8.41e-01
  0  0   8.41e-01
  0  0   8.42e-01
  0  0   8.42e-01
  0  0   8.44e-01
  0  0   8.45e-01
  0  0   8.48e-01
  0  0   8.52e-01
  0  0   8.58e-01
  0  0   8.64e-01
  0  0   8.69e-01
  0  0   8.71e-01
  0  0   8.67e-01
  0  0   8.82e-01
  0  0   8.96e-01
  0  0   8.98e-01
  0  0   9.52e-01
  0  0   1.02e+00
  0  0   1.08e+00
  0  0   1.15e+00
  0  0   1.25e+00
  0  0   1.37e+00
  6  7   6.96e-01
  0  0   6.97e-01
  0  0   6.97e-01
  0  0   6.97e-01
  0  0   6.98e-01
  0  0   6.99e-01
  0  0   7.00e-01
  0  0   7.01e-01
  0  0   7.02e-01
  0  0   6.99e-01
  0  0   6.83e-01
  0  0   6.56e-01
  0  0   6.53e-01
  0  0   6.40e-01
  0  0   6.19e-01
  0  0   5.93e-01
  0  0   5.45e-01
  0  0   5.28e-01
  0  0   4.86e-01
  0  0   4.26e-01
  0  0   3.75e-01
  0  0   3.37e-01
  0  0   3.12e-01
  6  8   4.91e-01
  0  0   4.92e-01
  0  0   4.92e-01
  0  0   4.92e-01
  0  0   4.93e-01
  0  0   4.94e-01
  0  0   4.95e-01
  0  0   4.97e-01
  0  0   4.99e-01
  0  0   4.98e-01
  0  0   4.86e-01
  0  0   4.66e-01
  0  0   4.65e-01
  0  0   4.55e-01
  0  0   4.40e-01
  0  0   4.22e-01
  0  0   3.85e-01
  0  0   3.76e-01
  0  0   3.48e-01
  0  0   3.05e-01
  0  0   2.67e-01
  0  0   2.39e-01
  0  0   2.21e-01
  6  9   3.00e-01
  0  0   3.00e-01
  0  0   3.00e-01
  0  0   3.00e-01
  0  0   3.00e-01
  0  0   3.01e-01
  0  0   3.01e-01
  0  0   3.02e-01
  0  0   3.02e-01
  0  0   3.01e-01
  0  0   2.94e-01
  0  0   2.83e-01
  0  0   2.82e-01
  0  0   2.73e-01
  0  0   2.67e-01
  0  0   2.55e-01
  0  0   2.31e-01
  0  0   2.26e-01
  0  0   2.09e-01
  0  0   1.83e-01
  0  0   1.60e-01
  0  0   1.44e-01
  0  0   1.33e-01
  6 10   2.24e-01
  0  0   2.25e-01
  0  0   2.26e-01
  0  0   2.28e-01
  0  0   2.31e-01
  0  0   2.36e-01
  0  0   2.43e-01
  0  0   2.54e-01
  0  0   2.71e-01
  0  0   2.91e-01
  0  0   3.07e-01
  0  0   3.05e-01
  0  0   3.02e-01
  0  0   3.09e-01
  0  0   2.75e-01
  0  0   2.62e-01
  0  0   2.46e-01
  0  0   2.40e-01
  0  0   2.28e-01
  0  0   1.99e-01
  0  0   1.68e-01
  0  0   1.44e-01
  0  0   1.28e-01
  6 11   1.34e-01
  0  0   1.35e-01
  0  0   1.36e-01
  0  0   1.37e-01
  0  0   1.39e-01
  0  0   1.42e-01
  0  0   1.46e-01
  0  0   1.53e-01
  0  0   1.62e-01
  0  0   1.74e-01
  0  0   1.84e-01
  0  0   1.85e-01
  0  0   1.82e-01
  0  0   1.78e-01
  0  0   1.65e-01
  0  0   1.57e-01
  0  0   1.44e-01
  0  0   1.44e-01
  0  0   1.37e-01
  0  0   1.19e-01
  0  0   1.01e-01
  0  0   8.75e-02
  0  0   7.81e-02
  6 12   4.74e-02
  0  0   4.75e-02
  0  0   4.77e-02
  0  0   4.81e-02
  0  0   4.85e-02
  0  0   4.93e-02
  0  0   5.05e-02
  0  0   5.23e-02
  0  0   5.49e-02
  0  0   5.84e-02
  0  0   6.18e-02
  0  0   6.26e-02
  0  0   6.06e-02
  0  0   5.85e-02
  0  0   5.50e-02
  0  0   5.23e-02
  0  0   4.97e-02
  0  0   4.80e-02
  0  0   4.52e-02
  0  0   3.95e-02
  0  0   3.35e-02
  0  0   2.89e-02
  0  0   2.56e-02
  6 13   2.47e-06
  0  0   2.63e-06
  0  0   2.88e-06
  0  0   3.29e-06
  0  0   3.97e-06
  0  0   5.17e-06
  0  0   7.58e-06
  0  0   1.32e-05
  0  0   2.82e-05
  0  0   6.37e-05
  0  0   9.45e-05
  0  0   8.69e-05
  0  0   2.70e-04
  0  0   7.64e-04
  0  0   1.24e-03
  0  0   1.77e-03
  0  0   2.15e-03
  0  0   2.01e-03
  0  0   1.65e-03
  0  0   1.32e-03
  0  0   1.08e-03
  0  0   9.20e-04
  0  0   8.14e-04
  6 14   7.30e-01
  0  0   7.24e-01
  0  0   7.15e-01
  0  0   7.01e-01
  0  0   6.78e-01
  0  0   6.43e-01
  0  0   5.90e-01
  0  0   5.11e-01
  0  0   4.04e-01
  0  0   2.84e-01
  0  0   2.06e-01
  0  0   1.86e-01
  0  0   1.60e-01
  0  0   1.32e-01
  0  0   1.65e-01
  0  0   1.59e-01
  0  0   1.37e-01
  0  0   1.29e-01
  0  0   1.09e-01
  0  0   8.45e-02
  0  0   6.50e-02
  0  0   5.13e-02
  0  0   4.22e-02
  6 15   3.94e-05
  0  0   4.05e-05
  0  0   4.23e-05
  0  0   4.52e-05
  0  0   4.97e-05
  0  0   5.68e-05
  0  0   6.83e-05
  0  0   8.76e-05
  0  0   1.22e-04
  0  0   1.90e-04
  0  0   2.83e-04
  0  0   3.23e-04
  0  0   7.07e-04
  0  0   1.31e-03
  0  0   1.51e-03
  0  0   1.68e-03
  0  0   1.73e-03
  0  0   1.54e-03
  0  0   1.23e-03
  0  0   9.65e-04
  0  0   7.68e-04
  0  0   6.35e-04
  0  0   5.47e-04
 0 0 0
  1  2   1.266e-03
  1  3   0.000e+00
  1  4   1.936e-05
  1  5   0.000e+00
  1  6   0.000e+00
  1  7   0.000e+00
  1  8   0.000e+00
  1  9   7.110e+08
  1 10   0.000e+00
  1 11   1.150e+09
  1 12   0.000e+00
  1 13   0.000e+00
  1 14   2.480e+09
  1 15   7.270e+04
  2  3   4.585e-03
  2  4   1.222e-01
  2  5   3.993e+00
  2  6   2.230e+03
  2  7   0.000e+00
  2  8   9.520e+08
  2  9   4.970e+08
  2 10   8.310e+08
  2 11   9.240e+08
  2 12   3.520e+09
  2 13   1.140e+05
  2 14   7.440e+09
  2 15   4.540e+06
  3  4   3.504e-01
  3  5   6.289e-03
  3  6   6.380e+03
  3  7   1.210e+09
  3  8   2.760e+08
  3  9   2.880e+07
  3 10   2.660e+09
  3 11   1.430e+09
  3 12   0.000e+00
  3 13   2.170e+06
  3 14   1.250e+10
  3 15   6.620e+05
  4  5   2.834e+00
  4  6   3.100e-01
  4  7   1.830e+05
  4  8   4.200e+04
  4  9   2.910e+04
  4 10   4.780e+04
  4 11   2.500e+05
  4 12   0.000e+00
  4 13   1.000e+10
  4 14   1.020e+06
  4 15   1.470e+10
  5  6   0.000e+00
  5  7   0.000e+00
  5  8   0.000e+00
  5  9   1.970e+04
  5 10   0.000e+00
  5 11   1.090e+05
  5 12   0.000e+00
  5 13   0.000e+00
  5 14   3.100e+05
  5 15   3.070e+09
  6  7   0.000e+00
  6  8   0.000e+00
  6  9   0.000e+00
  6 10   0.000e+00
  6 11   0.000e+00
  6 12   0.000e+00
  6 13   0.000e+00
  6 14   0.000e+00
  6 15   0.000e+00
  7  8   0.000e+00
  7  9   0.000e+00
  7 10   0.000e+00
  7 11   0.000e+00
  7 12   0.000e+00
  7 13   0.000e+00
  7 14   0.000e+00
  7 15   0.000e+00
  8  9   0.000e+00
  8 10   0.000e+00
  8 11   0.000e+00
  8 12   0.000e+00
  8 13   0.000e+00
  8 14   0.000e+00
  8 15   0.000e+00
  9 10   0.000e+00
  9 11   0.000e+00
  9 12   0.000e+00
  9 13   0.000e+00
  9 14   0.000e+00
  9 15   0.000e+00
 10 11   0.000e+00
 10 12   0.000e+00
 10 13   0.000e+00
 10 14   0.000e+00
 10 15   0.000e+00
 11 12   0.000e+00
 11 13   0.000e+00
 11 14   0.000e+00
 11 15   0.000e+00
 12 13   0.000e+00
 12 14   0.000e+00
 12 15   0.000e+00
 13 14   0.000e+00
 13 15   0.000e+00
 14 15   0.000e+00
  1  1        0.0
  2  3      413.0
  3  5     1111.0
  4  5    30291.0
  5  1    63915.0
  6  5    88402.0
  7  7   175834.0
  8  5   175902.0
  9  3   175926.0
 10  5   208152.0
 11  3   208157.0
 12  1   208188.0
 13  5   270555.0
 14  3   279372.0
 15  3   303812.0
