34
** Atomic data from version 9 of the CHIANTI database **

Theoretical energies:
S.S. Tayal, ApJSS, 2006, 163, 207

Experimental energies:
Kramida, A., Ralchenko, Yu., Reader, J., and NIST ASD Team (2012). NIST Atomic Spectra Database (ver. 5.0), [Online]. Available: http://physics.nist.gov/asd [2013, May 3]. National Institute of Standards and Technology, Gaithersburg, MD.


Produced for the CHIANTI database v.8 by G. Del Zanna Mar 2014

-1

Observed energies: Kramida, A., Ralchenko, Yu., Reader, J., and NIST ASD Team (2012). NIST Atomic Spectra Database (ver. 5.0), [Online]. Available: http://physics.nist.gov/asd [2013, May 3]. National Institute of Standards and Technology, Gaithersburg, MD.


A-values from G. Tachiev and C. Froese Fischer, Method: MCHF (energy adjusted), A&ASS, 2002, 385,716


Produced for the CHIANTI database v.9 by Giulio Del Zanna, 2018 Oct 30

Note: the v.8 A-values were incorrect as the 2D 3/2, 5/2 levels were
inverted by mistake.



%File processed with wgfa_tidy by pryoung on  6-Mar-2019
-1

Effective Collision Strengths and gf-values from S.S. Tayal, ApJSS, 2006, 163, 207

Produced for the CHIANTI database v.8 by G. Del Zanna Mar 2014


13 23
  1  2s2.2p3 4S1
  2  2s2.2p3 2D1
  3  2s2.2p3 2D2
  4  2s2.2p3 2P0
  5  2s2.2p3 2P1
  6  2s2.2p2(3P)3s 4P0
  7  2s2.2p2(3P)3s 4P1
  8  2s2.2p2(3P)3s 4P2
  9  2s2.2p2(3P)3s 2P0
 10  2s2.2p2(3P)3s 2P1
 11  2s.2p4 4P0
 12  2s.2p4 4P1
 13  2s.2p4 4P2
     100.0
     158.5
     251.2
     398.1
     631.0
    1000.0
    1584.9
    2511.9
    3981.1
    6309.6
   10000.0
   15848.9
   25118.9
   39810.7
   63095.7
  100000.0
  158489.3
  251188.6
  398107.2
  630957.3
 1000000.0
 1584893.2
 2511886.4
0
  1  2   1.61e-03
  0  0   2.66e-03
  0  0   4.47e-03
  0  0   7.63e-03
  0  0   1.32e-02
  0  0   2.30e-02
  0  0   3.94e-02
  0  0   6.49e-02
  0  0   1.03e-01
  0  0   1.56e-01
  0  0   2.24e-01
  0  0   3.05e-01
  0  0   3.92e-01
  0  0   4.83e-01
  0  0   5.43e-01
  0  0   5.62e-01
  0  0   5.61e-01
  0  0   5.52e-01
  0  0   5.42e-01
  0  0   5.35e-01
  0  0   5.29e-01
  0  0   5.26e-01
  0  0   5.23e-01
  1  3   2.84e-03
  0  0   4.60e-03
  0  0   7.51e-03
  0  0   1.24e-02
  0  0   2.08e-02
  0  0   3.50e-02
  0  0   5.87e-02
  0  0   9.72e-02
  0  0   1.55e-01
  0  0   2.34e-01
  0  0   3.37e-01
  0  0   4.57e-01
  0  0   5.87e-01
  0  0   7.25e-01
  0  0   8.14e-01
  0  0   8.43e-01
  0  0   8.40e-01
  0  0   8.27e-01
  0  0   8.13e-01
  0  0   8.02e-01
  0  0   7.94e-01
  0  0   7.88e-01
  0  0   7.85e-01
  1  4   1.91e-04
  0  0   3.68e-04
  0  0   7.26e-04
  0  0   1.44e-03
  0  0   2.77e-03
  0  0   5.00e-03
  0  0   8.37e-03
  0  0   1.46e-02
  0  0   2.42e-02
  0  0   3.69e-02
  0  0   5.50e-02
  0  0   7.57e-02
  0  0   9.75e-02
  0  0   1.19e-01
  0  0   1.34e-01
  0  0   1.39e-01
  0  0   1.38e-01
  0  0   1.36e-01
  0  0   1.34e-01
  0  0   1.32e-01
  0  0   1.31e-01
  0  0   1.30e-01
  0  0   1.29e-01
  1  5   4.96e-04
  0  0   8.75e-04
  0  0   1.59e-03
  0  0   2.94e-03
  0  0   5.48e-03
  0  0   1.00e-02
  0  0   1.75e-02
  0  0   2.97e-02
  0  0   4.80e-02
  0  0   7.48e-02
  0  0   1.09e-01
  0  0   1.50e-01
  0  0   1.95e-01
  0  0   2.39e-01
  0  0   2.66e-01
  0  0   2.75e-01
  0  0   2.74e-01
  0  0   2.70e-01
  0  0   2.66e-01
  0  0   2.62e-01
  0  0   2.60e-01
  0  0   2.58e-01
  0  0   2.57e-01
  1  6   1.28e-03
  0  0   2.08e-03
  0  0   3.37e-03
  0  0   5.50e-03
  0  0   8.92e-03
  0  0   1.40e-02
  0  0   2.04e-02
  0  0   2.78e-02
  0  0   3.64e-02
  0  0   4.60e-02
  0  0   5.80e-02
  0  0   7.56e-02
  0  0   1.08e-01
  0  0   1.59e-01
  0  0   2.57e-01
  0  0   4.16e-01
  0  0   6.23e-01
  0  0   8.67e-01
  0  0   1.15e+00
  0  0   1.47e+00
  0  0   1.82e+00
  0  0   2.21e+00
  0  0   2.63e+00
  1  7   2.57e-03
  0  0   4.15e-03
  0  0   6.74e-03
  0  0   1.10e-02
  0  0   1.78e-02
  0  0   2.80e-02
  0  0   4.08e-02
  0  0   5.56e-02
  0  0   7.28e-02
  0  0   9.19e-02
  0  0   1.16e-01
  0  0   1.51e-01
  0  0   2.16e-01
  0  0   3.17e-01
  0  0   5.13e-01
  0  0   8.30e-01
  0  0   1.24e+00
  0  0   1.73e+00
  0  0   2.29e+00
  0  0   2.93e+00
  0  0   3.64e+00
  0  0   4.42e+00
  0  0   5.25e+00
  1  8   5.69e-03
  0  0   8.12e-03
  0  0   1.19e-02
  0  0   1.79e-02
  0  0   2.72e-02
  0  0   4.10e-02
  0  0   6.05e-02
  0  0   8.37e-02
  0  0   1.09e-01
  0  0   1.38e-01
  0  0   1.73e-01
  0  0   2.27e-01
  0  0   3.24e-01
  0  0   4.75e-01
  0  0   7.68e-01
  0  0   1.24e+00
  0  0   1.87e+00
  0  0   2.60e+00
  0  0   3.45e+00
  0  0   4.41e+00
  0  0   5.49e+00
  0  0   6.66e+00
  0  0   7.92e+00
  1  9   5.11e-03
  0  0   5.23e-03
  0  0   5.43e-03
  0  0   5.77e-03
  0  0   6.30e-03
  0  0   7.00e-03
  0  0   7.63e-03
  0  0   8.57e-03
  0  0   9.10e-03
  0  0   9.42e-03
  0  0   1.10e-02
  0  0   1.20e-02
  0  0   1.30e-02
  0  0   1.48e-02
  0  0   1.50e-02
  0  0   1.49e-02
  0  0   1.48e-02
  0  0   1.48e-02
  0  0   1.48e-02
  0  0   1.49e-02
  0  0   1.49e-02
  0  0   1.49e-02
  0  0   1.50e-02
  1 10   1.12e-02
  0  0   1.14e-02
  0  0   1.18e-02
  0  0   1.25e-02
  0  0   1.36e-02
  0  0   1.50e-02
  0  0   1.58e-02
  0  0   1.64e-02
  0  0   1.81e-02
  0  0   1.96e-02
  0  0   2.10e-02
  0  0   2.34e-02
  0  0   2.61e-02
  0  0   2.87e-02
  0  0   3.11e-02
  0  0   3.21e-02
  0  0   3.22e-02
  0  0   3.18e-02
  0  0   3.14e-02
  0  0   3.09e-02
  0  0   3.06e-02
  0  0   3.04e-02
  0  0   3.03e-02
  1 11   2.97e-02
  0  0   3.04e-02
  0  0   3.16e-02
  0  0   3.36e-02
  0  0   3.67e-02
  0  0   4.10e-02
  0  0   4.50e-02
  0  0   4.95e-02
  0  0   5.67e-02
  0  0   6.55e-02
  0  0   7.60e-02
  0  0   9.24e-02
  0  0   1.18e-01
  0  0   1.61e-01
  0  0   2.12e-01
  0  0   2.60e-01
  0  0   3.06e-01
  0  0   3.56e-01
  0  0   4.13e-01
  0  0   4.80e-01
  0  0   5.57e-01
  0  0   6.43e-01
  0  0   7.36e-01
  1 12   5.84e-02
  0  0   5.98e-02
  0  0   6.22e-02
  0  0   6.62e-02
  0  0   7.25e-02
  0  0   8.10e-02
  0  0   8.89e-02
  0  0   9.86e-02
  0  0   1.13e-01
  0  0   1.30e-01
  0  0   1.53e-01
  0  0   1.85e-01
  0  0   2.37e-01
  0  0   3.22e-01
  0  0   4.21e-01
  0  0   5.13e-01
  0  0   6.01e-01
  0  0   6.94e-01
  0  0   8.03e-01
  0  0   9.31e-01
  0  0   1.08e+00
  0  0   1.24e+00
  0  0   1.42e+00
  1 13   8.81e-02
  0  0   9.03e-02
  0  0   9.39e-02
  0  0   9.99e-02
  0  0   1.09e-01
  0  0   1.22e-01
  0  0   1.34e-01
  0  0   1.48e-01
  0  0   1.70e-01
  0  0   1.96e-01
  0  0   2.29e-01
  0  0   2.78e-01
  0  0   3.54e-01
  0  0   4.82e-01
  0  0   6.29e-01
  0  0   7.64e-01
  0  0   8.92e-01
  0  0   1.03e+00
  0  0   1.19e+00
  0  0   1.38e+00
  0  0   1.59e+00
  0  0   1.83e+00
  0  0   2.09e+00
  2  3   6.85e-04
  0  0   1.17e-03
  0  0   2.04e-03
  0  0   3.69e-03
  0  0   6.87e-03
  0  0   1.30e-02
  0  0   2.49e-02
  0  0   4.90e-02
  0  0   9.18e-02
  0  0   1.60e-01
  0  0   2.57e-01
  0  0   3.85e-01
  0  0   5.37e-01
  0  0   7.24e-01
  0  0   8.54e-01
  0  0   8.97e-01
  0  0   8.93e-01
  0  0   8.73e-01
  0  0   8.53e-01
  0  0   8.36e-01
  0  0   8.24e-01
  0  0   8.16e-01
  0  0   8.11e-01
  2  4   2.58e-02
  0  0   2.79e-02
  0  0   3.13e-02
  0  0   3.65e-02
  0  0   4.42e-02
  0  0   5.40e-02
  0  0   6.42e-02
  0  0   7.69e-02
  0  0   9.33e-02
  0  0   1.15e-01
  0  0   1.41e-01
  0  0   1.77e-01
  0  0   2.22e-01
  0  0   2.84e-01
  0  0   3.30e-01
  0  0   3.45e-01
  0  0   3.44e-01
  0  0   3.37e-01
  0  0   3.30e-01
  0  0   3.24e-01
  0  0   3.19e-01
  0  0   3.16e-01
  0  0   3.14e-01
  2  5   2.50e-02
  0  0   2.76e-02
  0  0   3.17e-02
  0  0   3.79e-02
  0  0   4.70e-02
  0  0   5.90e-02
  0  0   7.33e-02
  0  0   9.21e-02
  0  0   1.17e-01
  0  0   1.52e-01
  0  0   1.95e-01
  0  0   2.52e-01
  0  0   3.20e-01
  0  0   4.09e-01
  0  0   4.72e-01
  0  0   4.93e-01
  0  0   4.91e-01
  0  0   4.82e-01
  0  0   4.71e-01
  0  0   4.63e-01
  0  0   4.57e-01
  0  0   4.53e-01
  0  0   4.51e-01
  2  6   1.45e-03
  0  0   2.33e-03
  0  0   3.80e-03
  0  0   6.24e-03
  0  0   1.03e-02
  0  0   1.70e-02
  0  0   2.73e-02
  0  0   4.12e-02
  0  0   5.63e-02
  0  0   6.86e-02
  0  0   7.70e-02
  0  0   8.24e-02
  0  0   8.53e-02
  0  0   8.62e-02
  0  0   8.57e-02
  0  0   8.53e-02
  0  0   8.53e-02
  0  0   8.54e-02
  0  0   8.55e-02
  0  0   8.57e-02
  0  0   8.58e-02
  0  0   8.59e-02
  0  0   8.59e-02
  2  7   2.49e-03
  0  0   3.91e-03
  0  0   6.14e-03
  0  0   9.61e-03
  0  0   1.51e-02
  0  0   2.40e-02
  0  0   3.89e-02
  0  0   6.01e-02
  0  0   8.24e-02
  0  0   1.01e-01
  0  0   1.12e-01
  0  0   1.19e-01
  0  0   1.22e-01
  0  0   1.22e-01
  0  0   1.21e-01
  0  0   1.20e-01
  0  0   1.20e-01
  0  0   1.20e-01
  0  0   1.20e-01
  0  0   1.21e-01
  0  0   1.21e-01
  0  0   1.21e-01
  0  0   1.21e-01
  2  8   4.32e-04
  0  0   7.84e-04
  0  0   1.47e-03
  0  0   2.86e-03
  0  0   5.64e-03
  0  0   1.10e-02
  0  0   2.05e-02
  0  0   3.42e-02
  0  0   4.84e-02
  0  0   5.86e-02
  0  0   6.30e-02
  0  0   6.39e-02
  0  0   6.15e-02
  0  0   5.71e-02
  0  0   5.34e-02
  0  0   5.19e-02
  0  0   5.19e-02
  0  0   5.24e-02
  0  0   5.31e-02
  0  0   5.37e-02
  0  0   5.41e-02
  0  0   5.44e-02
  0  0   5.46e-02
  2  9   2.84e-02
  0  0   2.99e-02
  0  0   3.24e-02
  0  0   3.63e-02
  0  0   4.24e-02
  0  0   5.10e-02
  0  0   6.17e-02
  0  0   7.53e-02
  0  0   9.50e-02
  0  0   1.20e-01
  0  0   1.46e-01
  0  0   1.78e-01
  0  0   2.30e-01
  0  0   3.07e-01
  0  0   4.62e-01
  0  0   7.21e-01
  0  0   1.06e+00
  0  0   1.47e+00
  0  0   1.95e+00
  0  0   2.48e+00
  0  0   3.08e+00
  0  0   3.72e+00
  0  0   4.40e+00
  2 10   1.07e-02
  0  0   1.26e-02
  0  0   1.57e-02
  0  0   2.06e-02
  0  0   2.82e-02
  0  0   3.90e-02
  0  0   5.14e-02
  0  0   6.47e-02
  0  0   7.80e-02
  0  0   8.97e-02
  0  0   9.60e-02
  0  0   9.81e-02
  0  0   1.01e-01
  0  0   1.10e-01
  0  0   1.35e-01
  0  0   1.79e-01
  0  0   2.39e-01
  0  0   3.13e-01
  0  0   4.00e-01
  0  0   4.99e-01
  0  0   6.10e-01
  0  0   7.30e-01
  0  0   8.58e-01
  2 11   3.72e-02
  0  0   4.09e-02
  0  0   4.71e-02
  0  0   5.71e-02
  0  0   7.27e-02
  0  0   9.40e-02
  0  0   1.16e-01
  0  0   1.39e-01
  0  0   1.61e-01
  0  0   1.76e-01
  0  0   1.82e-01
  0  0   1.82e-01
  0  0   1.80e-01
  0  0   1.76e-01
  0  0   1.72e-01
  0  0   1.70e-01
  0  0   1.70e-01
  0  0   1.71e-01
  0  0   1.72e-01
  0  0   1.72e-01
  0  0   1.73e-01
  0  0   1.73e-01
  0  0   1.74e-01
  2 12   6.24e-02
  0  0   6.88e-02
  0  0   7.93e-02
  0  0   9.63e-02
  0  0   1.23e-01
  0  0   1.59e-01
  0  0   1.97e-01
  0  0   2.34e-01
  0  0   2.68e-01
  0  0   2.90e-01
  0  0   2.96e-01
  0  0   2.90e-01
  0  0   2.81e-01
  0  0   2.69e-01
  0  0   2.60e-01
  0  0   2.56e-01
  0  0   2.56e-01
  0  0   2.57e-01
  0  0   2.59e-01
  0  0   2.61e-01
  0  0   2.62e-01
  0  0   2.63e-01
  0  0   2.63e-01
  2 13   6.45e-02
  0  0   7.13e-02
  0  0   8.24e-02
  0  0   1.01e-01
  0  0   1.29e-01
  0  0   1.67e-01
  0  0   2.05e-01
  0  0   2.40e-01
  0  0   2.70e-01
  0  0   2.83e-01
  0  0   2.74e-01
  0  0   2.53e-01
  0  0   2.25e-01
  0  0   1.96e-01
  0  0   1.75e-01
  0  0   1.67e-01
  0  0   1.67e-01
  0  0   1.70e-01
  0  0   1.74e-01
  0  0   1.77e-01
  0  0   1.79e-01
  0  0   1.81e-01
  0  0   1.82e-01
  3  4   1.61e-02
  0  0   1.80e-02
  0  0   2.08e-02
  0  0   2.52e-02
  0  0   3.14e-02
  0  0   4.00e-02
  0  0   5.08e-02
  0  0   6.38e-02
  0  0   8.23e-02
  0  0   1.07e-01
  0  0   1.39e-01
  0  0   1.80e-01
  0  0   2.29e-01
  0  0   2.93e-01
  0  0   3.39e-01
  0  0   3.54e-01
  0  0   3.53e-01
  0  0   3.46e-01
  0  0   3.38e-01
  0  0   3.33e-01
  0  0   3.28e-01
  0  0   3.25e-01
  0  0   3.23e-01
  3  5   5.87e-02
  0  0   6.41e-02
  0  0   7.25e-02
  0  0   8.55e-02
  0  0   1.04e-01
  0  0   1.29e-01
  0  0   1.56e-01
  0  0   1.90e-01
  0  0   2.33e-01
  0  0   2.91e-01
  0  0   3.66e-01
  0  0   4.63e-01
  0  0   5.82e-01
  0  0   7.46e-01
  0  0   8.65e-01
  0  0   9.05e-01
  0  0   9.01e-01
  0  0   8.83e-01
  0  0   8.64e-01
  0  0   8.49e-01
  0  0   8.38e-01
  0  0   8.30e-01
  0  0   8.25e-01
  3  6   5.80e-04
  0  0   8.57e-04
  0  0   1.23e-03
  0  0   1.70e-03
  0  0   2.39e-03
  0  0   4.00e-03
  0  0   8.54e-03
  0  0   1.55e-02
  0  0   2.16e-02
  0  0   2.59e-02
  0  0   2.80e-02
  0  0   2.78e-02
  0  0   2.65e-02
  0  0   2.49e-02
  0  0   2.33e-02
  0  0   2.26e-02
  0  0   2.26e-02
  0  0   2.28e-02
  0  0   2.31e-02
  0  0   2.34e-02
  0  0   2.36e-02
  0  0   2.37e-02
  0  0   2.38e-02
  3  7   1.80e-03
  0  0   2.84e-03
  0  0   4.49e-03
  0  0   7.13e-03
  0  0   1.15e-02
  0  0   1.90e-02
  0  0   3.25e-02
  0  0   5.25e-02
  0  0   7.35e-02
  0  0   8.90e-02
  0  0   9.80e-02
  0  0   1.02e-01
  0  0   1.02e-01
  0  0   9.89e-02
  0  0   9.55e-02
  0  0   9.40e-02
  0  0   9.39e-02
  0  0   9.44e-02
  0  0   9.51e-02
  0  0   9.57e-02
  0  0   9.61e-02
  0  0   9.64e-02
  0  0   9.66e-02
  3  8   5.01e-03
  0  0   7.99e-03
  0  0   1.28e-02
  0  0   2.05e-02
  0  0   3.32e-02
  0  0   5.40e-02
  0  0   8.77e-02
  0  0   1.34e-01
  0  0   1.85e-01
  0  0   2.26e-01
  0  0   2.53e-01
  0  0   2.67e-01
  0  0   2.73e-01
  0  0   2.73e-01
  0  0   2.71e-01
  0  0   2.70e-01
  0  0   2.69e-01
  0  0   2.70e-01
  0  0   2.70e-01
  0  0   2.71e-01
  0  0   2.71e-01
  0  0   2.71e-01
  0  0   2.72e-01
  3  9   5.15e-03
  0  0   6.44e-03
  0  0   8.51e-03
  0  0   1.18e-02
  0  0   1.68e-02
  0  0   2.40e-02
  0  0   3.28e-02
  0  0   4.03e-02
  0  0   4.31e-02
  0  0   4.28e-02
  0  0   3.90e-02
  0  0   3.54e-02
  0  0   3.17e-02
  0  0   2.98e-02
  0  0   2.84e-02
  0  0   2.78e-02
  0  0   2.77e-02
  0  0   2.80e-02
  0  0   2.83e-02
  0  0   2.85e-02
  0  0   2.87e-02
  0  0   2.88e-02
  0  0   2.89e-02
  3 10   5.34e-02
  0  0   5.74e-02
  0  0   6.37e-02
  0  0   7.40e-02
  0  0   8.98e-02
  0  0   1.12e-01
  0  0   1.37e-01
  0  0   1.64e-01
  0  0   1.93e-01
  0  0   2.22e-01
  0  0   2.58e-01
  0  0   3.14e-01
  0  0   4.09e-01
  0  0   5.51e-01
  0  0   8.36e-01
  0  0   1.31e+00
  0  0   1.92e+00
  0  0   2.66e+00
  0  0   3.52e+00
  0  0   4.49e+00
  0  0   5.56e+00
  0  0   6.72e+00
  0  0   7.94e+00
  3 11   3.17e-02
  0  0   3.50e-02
  0  0   4.03e-02
  0  0   4.90e-02
  0  0   6.25e-02
  0  0   8.10e-02
  0  0   9.95e-02
  0  0   1.17e-01
  0  0   1.31e-01
  0  0   1.36e-01
  0  0   1.32e-01
  0  0   1.20e-01
  0  0   1.06e-01
  0  0   9.10e-02
  0  0   8.06e-02
  0  0   7.67e-02
  0  0   7.67e-02
  0  0   7.82e-02
  0  0   8.01e-02
  0  0   8.16e-02
  0  0   8.27e-02
  0  0   8.35e-02
  0  0   8.40e-02
  3 12   7.34e-02
  0  0   8.12e-02
  0  0   9.40e-02
  0  0   1.15e-01
  0  0   1.47e-01
  0  0   1.91e-01
  0  0   2.35e-01
  0  0   2.77e-01
  0  0   3.15e-01
  0  0   3.34e-01
  0  0   3.31e-01
  0  0   3.13e-01
  0  0   2.90e-01
  0  0   2.66e-01
  0  0   2.47e-01
  0  0   2.40e-01
  0  0   2.40e-01
  0  0   2.43e-01
  0  0   2.46e-01
  0  0   2.49e-01
  0  0   2.51e-01
  0  0   2.52e-01
  0  0   2.53e-01
  3 13   1.40e-01
  0  0   1.54e-01
  0  0   1.78e-01
  0  0   2.16e-01
  0  0   2.76e-01
  0  0   3.58e-01
  0  0   4.42e-01
  0  0   5.25e-01
  0  0   6.04e-01
  0  0   6.53e-01
  0  0   6.66e-01
  0  0   6.54e-01
  0  0   6.32e-01
  0  0   6.06e-01
  0  0   5.83e-01
  0  0   5.74e-01
  0  0   5.74e-01
  0  0   5.78e-01
  0  0   5.82e-01
  0  0   5.85e-01
  0  0   5.88e-01
  0  0   5.90e-01
  0  0   5.91e-01
  4  5   9.12e-03
  0  0   1.02e-02
  0  0   1.19e-02
  0  0   1.44e-02
  0  0   1.80e-02
  0  0   2.30e-02
  0  0   3.01e-02
  0  0   4.11e-02
  0  0   5.88e-02
  0  0   8.62e-02
  0  0   1.23e-01
  0  0   1.70e-01
  0  0   2.26e-01
  0  0   2.91e-01
  0  0   3.35e-01
  0  0   3.50e-01
  0  0   3.48e-01
  0  0   3.42e-01
  0  0   3.35e-01
  0  0   3.29e-01
  0  0   3.25e-01
  0  0   3.22e-01
  0  0   3.20e-01
  4  6   1.05e-03
  0  0   1.72e-03
  0  0   2.83e-03
  0  0   4.69e-03
  0  0   7.68e-03
  0  0   1.20e-02
  0  0   1.71e-02
  0  0   2.33e-02
  0  0   3.01e-02
  0  0   3.53e-02
  0  0   4.00e-02
  0  0   4.32e-02
  0  0   4.52e-02
  0  0   4.67e-02
  0  0   4.71e-02
  0  0   4.71e-02
  0  0   4.71e-02
  0  0   4.70e-02
  0  0   4.70e-02
  0  0   4.70e-02
  0  0   4.70e-02
  0  0   4.70e-02
  0  0   4.70e-02
  4  7   1.63e-03
  0  0   2.65e-03
  0  0   4.32e-03
  0  0   7.06e-03
  0  0   1.15e-02
  0  0   1.80e-02
  0  0   2.63e-02
  0  0   3.60e-02
  0  0   4.58e-02
  0  0   5.42e-02
  0  0   6.10e-02
  0  0   6.54e-02
  0  0   6.89e-02
  0  0   7.08e-02
  0  0   7.10e-02
  0  0   7.08e-02
  0  0   7.07e-02
  0  0   7.08e-02
  0  0   7.08e-02
  0  0   7.09e-02
  0  0   7.09e-02
  0  0   7.09e-02
  0  0   7.10e-02
  4  8   1.15e-03
  0  0   1.84e-03
  0  0   2.95e-03
  0  0   4.75e-03
  0  0   7.61e-03
  0  0   1.20e-02
  0  0   1.82e-02
  0  0   2.60e-02
  0  0   3.35e-02
  0  0   4.07e-02
  0  0   4.50e-02
  0  0   4.72e-02
  0  0   4.88e-02
  0  0   4.86e-02
  0  0   4.75e-02
  0  0   4.69e-02
  0  0   4.69e-02
  0  0   4.71e-02
  0  0   4.73e-02
  0  0   4.75e-02
  0  0   4.77e-02
  0  0   4.78e-02
  0  0   4.79e-02
  4  9   4.22e-02
  0  0   4.41e-02
  0  0   4.72e-02
  0  0   5.24e-02
  0  0   6.05e-02
  0  0   7.10e-02
  0  0   7.98e-02
  0  0   8.59e-02
  0  0   9.07e-02
  0  0   9.62e-02
  0  0   1.04e-01
  0  0   1.17e-01
  0  0   1.42e-01
  0  0   1.82e-01
  0  0   2.63e-01
  0  0   3.97e-01
  0  0   5.74e-01
  0  0   7.87e-01
  0  0   1.03e+00
  0  0   1.31e+00
  0  0   1.62e+00
  0  0   1.94e+00
  0  0   2.29e+00
  4 10   3.33e-02
  0  0   3.53e-02
  0  0   3.87e-02
  0  0   4.42e-02
  0  0   5.27e-02
  0  0   6.40e-02
  0  0   7.37e-02
  0  0   7.95e-02
  0  0   8.25e-02
  0  0   8.31e-02
  0  0   8.30e-02
  0  0   8.54e-02
  0  0   9.29e-02
  0  0   1.09e-01
  0  0   1.48e-01
  0  0   2.13e-01
  0  0   3.01e-01
  0  0   4.06e-01
  0  0   5.29e-01
  0  0   6.67e-01
  0  0   8.19e-01
  0  0   9.83e-01
  0  0   1.16e+00
  4 11   2.81e-02
  0  0   2.96e-02
  0  0   3.21e-02
  0  0   3.62e-02
  0  0   4.25e-02
  0  0   5.10e-02
  0  0   5.97e-02
  0  0   6.89e-02
  0  0   7.96e-02
  0  0   8.68e-02
  0  0   8.90e-02
  0  0   8.66e-02
  0  0   8.39e-02
  0  0   8.13e-02
  0  0   7.90e-02
  0  0   7.81e-02
  0  0   7.81e-02
  0  0   7.85e-02
  0  0   7.89e-02
  0  0   7.92e-02
  0  0   7.95e-02
  0  0   7.97e-02
  0  0   7.98e-02
  4 12   4.59e-02
  0  0   4.87e-02
  0  0   5.33e-02
  0  0   6.08e-02
  0  0   7.25e-02
  0  0   8.80e-02
  0  0   1.03e-01
  0  0   1.18e-01
  0  0   1.35e-01
  0  0   1.45e-01
  0  0   1.47e-01
  0  0   1.42e-01
  0  0   1.36e-01
  0  0   1.29e-01
  0  0   1.24e-01
  0  0   1.22e-01
  0  0   1.22e-01
  0  0   1.23e-01
  0  0   1.24e-01
  0  0   1.24e-01
  0  0   1.25e-01
  0  0   1.25e-01
  0  0   1.26e-01
  4 13   4.43e-02
  0  0   4.77e-02
  0  0   5.34e-02
  0  0   6.26e-02
  0  0   7.70e-02
  0  0   9.60e-02
  0  0   1.14e-01
  0  0   1.28e-01
  0  0   1.42e-01
  0  0   1.48e-01
  0  0   1.43e-01
  0  0   1.34e-01
  0  0   1.23e-01
  0  0   1.10e-01
  0  0   1.01e-01
  0  0   9.76e-02
  0  0   9.77e-02
  0  0   9.91e-02
  0  0   1.01e-01
  0  0   1.02e-01
  0  0   1.03e-01
  0  0   1.04e-01
  0  0   1.04e-01
  5  6   5.33e-04
  0  0   9.28e-04
  0  0   1.65e-03
  0  0   2.99e-03
  0  0   5.35e-03
  0  0   9.00e-03
  0  0   1.35e-02
  0  0   1.88e-02
  0  0   2.44e-02
  0  0   2.94e-02
  0  0   3.30e-02
  0  0   3.52e-02
  0  0   3.61e-02
  0  0   3.60e-02
  0  0   3.60e-02
  0  0   3.61e-02
  0  0   3.61e-02
  0  0   3.61e-02
  0  0   3.61e-02
  0  0   3.60e-02
  0  0   3.60e-02
  0  0   3.60e-02
  0  0   3.60e-02
  5  7   2.51e-03
  0  0   3.95e-03
  0  0   6.19e-03
  0  0   9.65e-03
  0  0   1.50e-02
  0  0   2.30e-02
  0  0   3.48e-02
  0  0   4.93e-02
  0  0   6.36e-02
  0  0   7.61e-02
  0  0   8.50e-02
  0  0   9.04e-02
  0  0   9.39e-02
  0  0   9.53e-02
  0  0   9.46e-02
  0  0   9.40e-02
  0  0   9.39e-02
  0  0   9.41e-02
  0  0   9.43e-02
  0  0   9.45e-02
  0  0   9.47e-02
  0  0   9.48e-02
  0  0   9.49e-02
  5  8   5.26e-03
  0  0   8.33e-03
  0  0   1.32e-02
  0  0   2.08e-02
  0  0   3.26e-02
  0  0   5.00e-02
  0  0   7.40e-02
  0  0   1.02e-01
  0  0   1.30e-01
  0  0   1.55e-01
  0  0   1.73e-01
  0  0   1.86e-01
  0  0   1.95e-01
  0  0   2.00e-01
  0  0   2.01e-01
  0  0   2.01e-01
  0  0   2.01e-01
  0  0   2.01e-01
  0  0   2.01e-01
  0  0   2.01e-01
  0  0   2.01e-01
  0  0   2.01e-01
  0  0   2.01e-01
  5  9   3.33e-02
  0  0   3.53e-02
  0  0   3.87e-02
  0  0   4.42e-02
  0  0   5.27e-02
  0  0   6.40e-02
  0  0   7.37e-02
  0  0   7.95e-02
  0  0   8.25e-02
  0  0   8.31e-02
  0  0   8.30e-02
  0  0   8.54e-02
  0  0   9.28e-02
  0  0   1.10e-01
  0  0   1.48e-01
  0  0   2.11e-01
  0  0   2.95e-01
  0  0   3.97e-01
  0  0   5.15e-01
  0  0   6.49e-01
  0  0   7.96e-01
  0  0   9.54e-01
  0  0   1.12e+00
  5 10   1.19e-01
  0  0   1.24e-01
  0  0   1.34e-01
  0  0   1.49e-01
  0  0   1.73e-01
  0  0   2.05e-01
  0  0   2.32e-01
  0  0   2.50e-01
  0  0   2.64e-01
  0  0   2.76e-01
  0  0   2.91e-01
  0  0   3.18e-01
  0  0   3.76e-01
  0  0   4.73e-01
  0  0   6.70e-01
  0  0   9.92e-01
  0  0   1.42e+00
  0  0   1.93e+00
  0  0   2.52e+00
  0  0   3.19e+00
  0  0   3.92e+00
  0  0   4.71e+00
  0  0   5.54e+00
  5 11   3.16e-02
  0  0   3.39e-02
  0  0   3.77e-02
  0  0   4.38e-02
  0  0   5.32e-02
  0  0   6.60e-02
  0  0   7.85e-02
  0  0   8.92e-02
  0  0   9.81e-02
  0  0   1.03e-01
  0  0   1.01e-01
  0  0   9.42e-02
  0  0   8.72e-02
  0  0   7.91e-02
  0  0   7.38e-02
  0  0   7.19e-02
  0  0   7.19e-02
  0  0   7.27e-02
  0  0   7.36e-02
  0  0   7.44e-02
  0  0   7.49e-02
  0  0   7.53e-02
  0  0   7.55e-02
  5 12   7.24e-02
  0  0   7.74e-02
  0  0   8.55e-02
  0  0   9.88e-02
  0  0   1.19e-01
  0  0   1.47e-01
  0  0   1.73e-01
  0  0   1.97e-01
  0  0   2.21e-01
  0  0   2.34e-01
  0  0   2.32e-01
  0  0   2.20e-01
  0  0   2.06e-01
  0  0   1.91e-01
  0  0   1.81e-01
  0  0   1.77e-01
  0  0   1.77e-01
  0  0   1.79e-01
  0  0   1.80e-01
  0  0   1.82e-01
  0  0   1.83e-01
  0  0   1.84e-01
  0  0   1.84e-01
  5 13   1.34e-01
  0  0   1.42e-01
  0  0   1.55e-01
  0  0   1.77e-01
  0  0   2.11e-01
  0  0   2.56e-01
  0  0   3.00e-01
  0  0   3.45e-01
  0  0   3.92e-01
  0  0   4.21e-01
  0  0   4.25e-01
  0  0   4.10e-01
  0  0   3.89e-01
  0  0   3.69e-01
  0  0   3.56e-01
  0  0   3.51e-01
  0  0   3.51e-01
  0  0   3.53e-01
  0  0   3.55e-01
  0  0   3.57e-01
  0  0   3.58e-01
  0  0   3.59e-01
  0  0   3.60e-01
  6  7   4.29e-02
  0  0   6.86e-02
  0  0   1.10e-01
  0  0   1.75e-01
  0  0   2.76e-01
  0  0   4.22e-01
  0  0   6.09e-01
  0  0   8.10e-01
  0  0   9.81e-01
  0  0   1.08e+00
  0  0   1.08e+00
  0  0   1.00e+00
  0  0   8.78e-01
  0  0   7.37e-01
  0  0   6.44e-01
  0  0   6.15e-01
  0  0   6.18e-01
  0  0   6.32e-01
  0  0   6.46e-01
  0  0   6.57e-01
  0  0   6.66e-01
  0  0   6.71e-01
  0  0   6.75e-01
  6  8   9.69e-03
  0  0   1.55e-02
  0  0   2.47e-02
  0  0   3.92e-02
  0  0   6.13e-02
  0  0   9.30e-02
  0  0   1.33e-01
  0  0   1.73e-01
  0  0   2.02e-01
  0  0   2.15e-01
  0  0   2.12e-01
  0  0   1.97e-01
  0  0   1.77e-01
  0  0   1.60e-01
  0  0   1.52e-01
  0  0   1.49e-01
  0  0   1.49e-01
  0  0   1.51e-01
  0  0   1.52e-01
  0  0   1.53e-01
  0  0   1.54e-01
  0  0   1.54e-01
  0  0   1.54e-01
  6  9   5.21e-01
  0  0   5.69e-01
  0  0   6.46e-01
  0  0   7.64e-01
  0  0   9.38e-01
  0  0   1.16e+00
  0  0   1.38e+00
  0  0   1.56e+00
  0  0   1.71e+00
  0  0   1.75e+00
  0  0   1.67e+00
  0  0   1.49e+00
  0  0   1.25e+00
  0  0   1.00e+00
  0  0   8.36e-01
  0  0   7.83e-01
  0  0   7.88e-01
  0  0   8.13e-01
  0  0   8.38e-01
  0  0   8.59e-01
  0  0   8.74e-01
  0  0   8.84e-01
  0  0   8.91e-01
  6 10   7.65e-02
  0  0   8.48e-02
  0  0   9.78e-02
  0  0   1.18e-01
  0  0   1.47e-01
  0  0   1.85e-01
  0  0   2.26e-01
  0  0   2.70e-01
  0  0   3.11e-01
  0  0   3.34e-01
  0  0   3.29e-01
  0  0   2.97e-01
  0  0   2.54e-01
  0  0   2.05e-01
  0  0   1.74e-01
  0  0   1.65e-01
  0  0   1.66e-01
  0  0   1.70e-01
  0  0   1.75e-01
  0  0   1.79e-01
  0  0   1.82e-01
  0  0   1.83e-01
  0  0   1.85e-01
  6 11   8.04e-02
  0  0   1.31e-01
  0  0   2.17e-01
  0  0   3.61e-01
  0  0   6.02e-01
  0  0   9.90e-01
  0  0   1.57e+00
  0  0   2.35e+00
  0  0   3.26e+00
  0  0   4.20e+00
  0  0   5.11e+00
  0  0   5.99e+00
  0  0   6.80e+00
  0  0   7.52e+00
  0  0   7.96e+00
  0  0   8.10e+00
  0  0   8.08e+00
  0  0   8.02e+00
  0  0   7.95e+00
  0  0   7.90e+00
  0  0   7.86e+00
  0  0   7.83e+00
  0  0   7.82e+00
  6 12   1.20e-02
  0  0   1.84e-02
  0  0   2.79e-02
  0  0   4.20e-02
  0  0   6.21e-02
  0  0   9.10e-02
  0  0   1.32e-01
  0  0   1.86e-01
  0  0   2.43e-01
  0  0   2.91e-01
  0  0   3.16e-01
  0  0   3.16e-01
  0  0   2.98e-01
  0  0   2.69e-01
  0  0   2.48e-01
  0  0   2.41e-01
  0  0   2.42e-01
  0  0   2.45e-01
  0  0   2.48e-01
  0  0   2.51e-01
  0  0   2.53e-01
  0  0   2.54e-01
  0  0   2.55e-01
  6 13   6.16e-02
  0  0   6.55e-02
  0  0   7.18e-02
  0  0   8.16e-02
  0  0   9.58e-02
  0  0   1.14e-01
  0  0   1.33e-01
  0  0   1.54e-01
  0  0   1.76e-01
  0  0   1.93e-01
  0  0   2.02e-01
  0  0   2.04e-01
  0  0   2.01e-01
  0  0   1.95e-01
  0  0   1.90e-01
  0  0   1.88e-01
  0  0   1.88e-01
  0  0   1.89e-01
  0  0   1.90e-01
  0  0   1.91e-01
  0  0   1.91e-01
  0  0   1.91e-01
  0  0   1.92e-01
  7  8   5.81e-02
  0  0   9.31e-02
  0  0   1.49e-01
  0  0   2.39e-01
  0  0   3.77e-01
  0  0   5.76e-01
  0  0   8.30e-01
  0  0   1.10e+00
  0  0   1.32e+00
  0  0   1.45e+00
  0  0   1.45e+00
  0  0   1.34e+00
  0  0   1.18e+00
  0  0   1.01e+00
  0  0   8.99e-01
  0  0   8.64e-01
  0  0   8.68e-01
  0  0   8.84e-01
  0  0   9.01e-01
  0  0   9.14e-01
  0  0   9.24e-01
  0  0   9.31e-01
  0  0   9.35e-01
  7  9   6.56e-01
  0  0   7.17e-01
  0  0   8.14e-01
  0  0   9.64e-01
  0  0   1.18e+00
  0  0   1.46e+00
  0  0   1.74e+00
  0  0   1.99e+00
  0  0   2.17e+00
  0  0   2.24e+00
  0  0   2.14e+00
  0  0   1.90e+00
  0  0   1.60e+00
  0  0   1.28e+00
  0  0   1.07e+00
  0  0   1.00e+00
  0  0   1.01e+00
  0  0   1.04e+00
  0  0   1.07e+00
  0  0   1.10e+00
  0  0   1.12e+00
  0  0   1.13e+00
  0  0   1.14e+00
  7 10   5.40e-01
  0  0   5.91e-01
  0  0   6.73e-01
  0  0   8.00e-01
  0  0   9.86e-01
  0  0   1.22e+00
  0  0   1.46e+00
  0  0   1.68e+00
  0  0   1.86e+00
  0  0   1.94e+00
  0  0   1.87e+00
  0  0   1.67e+00
  0  0   1.41e+00
  0  0   1.13e+00
  0  0   9.49e-01
  0  0   8.90e-01
  0  0   8.96e-01
  0  0   9.24e-01
  0  0   9.52e-01
  0  0   9.75e-01
  0  0   9.91e-01
  0  0   1.00e+00
  0  0   1.01e+00
  7 11   1.20e-02
  0  0   1.84e-02
  0  0   2.79e-02
  0  0   4.20e-02
  0  0   6.21e-02
  0  0   9.10e-02
  0  0   1.32e-01
  0  0   1.86e-01
  0  0   2.43e-01
  0  0   2.91e-01
  0  0   3.16e-01
  0  0   3.16e-01
  0  0   2.98e-01
  0  0   2.69e-01
  0  0   2.47e-01
  0  0   2.39e-01
  0  0   2.40e-01
  0  0   2.43e-01
  0  0   2.47e-01
  0  0   2.50e-01
  0  0   2.52e-01
  0  0   2.53e-01
  0  0   2.54e-01
  7 12   1.80e-01
  0  0   2.91e-01
  0  0   4.73e-01
  0  0   7.75e-01
  0  0   1.27e+00
  0  0   2.05e+00
  0  0   3.23e+00
  0  0   4.80e+00
  0  0   6.63e+00
  0  0   8.51e+00
  0  0   1.03e+01
  0  0   1.21e+01
  0  0   1.37e+01
  0  0   1.51e+01
  0  0   1.59e+01
  0  0   1.61e+01
  0  0   1.61e+01
  0  0   1.60e+01
  0  0   1.59e+01
  0  0   1.58e+01
  0  0   1.57e+01
  0  0   1.56e+01
  0  0   1.56e+01
  7 13   9.37e-02
  0  0   1.05e-01
  0  0   1.23e-01
  0  0   1.50e-01
  0  0   1.89e-01
  0  0   2.43e-01
  0  0   3.12e-01
  0  0   3.97e-01
  0  0   4.88e-01
  0  0   5.61e-01
  0  0   5.99e-01
  0  0   6.02e-01
  0  0   5.79e-01
  0  0   5.41e-01
  0  0   5.12e-01
  0  0   5.02e-01
  0  0   5.03e-01
  0  0   5.08e-01
  0  0   5.12e-01
  0  0   5.16e-01
  0  0   5.19e-01
  0  0   5.21e-01
  0  0   5.22e-01
  8  9   1.84e-02
  0  0   2.21e-02
  0  0   2.76e-02
  0  0   3.57e-02
  0  0   4.74e-02
  0  0   6.40e-02
  0  0   8.71e-02
  0  0   1.19e-01
  0  0   1.56e-01
  0  0   1.84e-01
  0  0   1.92e-01
  0  0   1.79e-01
  0  0   1.55e-01
  0  0   1.28e-01
  0  0   1.09e-01
  0  0   1.03e-01
  0  0   1.04e-01
  0  0   1.07e-01
  0  0   1.10e-01
  0  0   1.12e-01
  0  0   1.14e-01
  0  0   1.15e-01
  0  0   1.16e-01
  8 10   1.78e+00
  0  0   1.94e+00
  0  0   2.20e+00
  0  0   2.61e+00
  0  0   3.21e+00
  0  0   3.97e+00
  0  0   4.72e+00
  0  0   5.38e+00
  0  0   5.89e+00
  0  0   6.08e+00
  0  0   5.81e+00
  0  0   5.16e+00
  0  0   4.33e+00
  0  0   3.42e+00
  0  0   2.84e+00
  0  0   2.65e+00
  0  0   2.67e+00
  0  0   2.76e+00
  0  0   2.85e+00
  0  0   2.92e+00
  0  0   2.97e+00
  0  0   3.01e+00
  0  0   3.03e+00
  8 11   6.16e-02
  0  0   6.55e-02
  0  0   7.18e-02
  0  0   8.16e-02
  0  0   9.58e-02
  0  0   1.14e-01
  0  0   1.33e-01
  0  0   1.54e-01
  0  0   1.76e-01
  0  0   1.93e-01
  0  0   2.02e-01
  0  0   2.04e-01
  0  0   2.00e-01
  0  0   1.93e-01
  0  0   1.88e-01
  0  0   1.86e-01
  0  0   1.86e-01
  0  0   1.87e-01
  0  0   1.88e-01
  0  0   1.88e-01
  0  0   1.89e-01
  0  0   1.89e-01
  0  0   1.90e-01
  8 12   9.37e-02
  0  0   1.05e-01
  0  0   1.23e-01
  0  0   1.50e-01
  0  0   1.89e-01
  0  0   2.43e-01
  0  0   3.12e-01
  0  0   3.97e-01
  0  0   4.88e-01
  0  0   5.61e-01
  0  0   5.99e-01
  0  0   6.02e-01
  0  0   5.78e-01
  0  0   5.38e-01
  0  0   5.09e-01
  0  0   4.99e-01
  0  0   5.00e-01
  0  0   5.04e-01
  0  0   5.09e-01
  0  0   5.13e-01
  0  0   5.16e-01
  0  0   5.18e-01
  0  0   5.19e-01
  8 13   2.83e-01
  0  0   4.58e-01
  0  0   7.45e-01
  0  0   1.22e+00
  0  0   1.99e+00
  0  0   3.23e+00
  0  0   5.06e+00
  0  0   7.52e+00
  0  0   1.04e+01
  0  0   1.33e+01
  0  0   1.61e+01
  0  0   1.87e+01
  0  0   2.11e+01
  0  0   2.31e+01
  0  0   2.43e+01
  0  0   2.46e+01
  0  0   2.46e+01
  0  0   2.44e+01
  0  0   2.42e+01
  0  0   2.41e+01
  0  0   2.40e+01
  0  0   2.39e+01
  0  0   2.39e+01
  9 10   1.31e-01
  0  0   1.52e-01
  0  0   1.85e-01
  0  0   2.35e-01
  0  0   3.08e-01
  0  0   4.05e-01
  0  0   5.20e-01
  0  0   6.49e-01
  0  0   7.89e-01
  0  0   9.13e-01
  0  0   9.75e-01
  0  0   9.58e-01
  0  0   8.92e-01
  0  0   8.06e-01
  0  0   7.47e-01
  0  0   7.28e-01
  0  0   7.30e-01
  0  0   7.38e-01
  0  0   7.48e-01
  0  0   7.55e-01
  0  0   7.61e-01
  0  0   7.64e-01
  0  0   7.67e-01
  9 11   1.77e-02
  0  0   2.37e-02
  0  0   3.28e-02
  0  0   4.63e-02
  0  0   6.57e-02
  0  0   9.30e-02
  0  0   1.30e-01
  0  0   1.75e-01
  0  0   2.25e-01
  0  0   2.69e-01
  0  0   2.89e-01
  0  0   2.83e-01
  0  0   2.59e-01
  0  0   2.22e-01
  0  0   1.93e-01
  0  0   1.84e-01
  0  0   1.85e-01
  0  0   1.89e-01
  0  0   1.93e-01
  0  0   1.97e-01
  0  0   2.00e-01
  0  0   2.02e-01
  0  0   2.03e-01
  9 12   4.04e-02
  0  0   4.87e-02
  0  0   6.15e-02
  0  0   8.06e-02
  0  0   1.08e-01
  0  0   1.46e-01
  0  0   1.94e-01
  0  0   2.54e-01
  0  0   3.21e-01
  0  0   3.76e-01
  0  0   3.99e-01
  0  0   3.87e-01
  0  0   3.53e-01
  0  0   3.00e-01
  0  0   2.61e-01
  0  0   2.48e-01
  0  0   2.49e-01
  0  0   2.55e-01
  0  0   2.61e-01
  0  0   2.66e-01
  0  0   2.70e-01
  0  0   2.72e-01
  0  0   2.74e-01
  9 13   7.64e-02
  0  0   7.94e-02
  0  0   8.42e-02
  0  0   9.19e-02
  0  0   1.03e-01
  0  0   1.17e-01
  0  0   1.29e-01
  0  0   1.41e-01
  0  0   1.53e-01
  0  0   1.58e-01
  0  0   1.49e-01
  0  0   1.32e-01
  0  0   1.11e-01
  0  0   8.85e-02
  0  0   7.42e-02
  0  0   6.97e-02
  0  0   7.02e-02
  0  0   7.23e-02
  0  0   7.45e-02
  0  0   7.62e-02
  0  0   7.75e-02
  0  0   7.84e-02
  0  0   7.90e-02
 10 11   4.85e-02
  0  0   5.12e-02
  0  0   5.56e-02
  0  0   6.24e-02
  0  0   7.25e-02
  0  0   8.50e-02
  0  0   9.68e-02
  0  0   1.10e-01
  0  0   1.24e-01
  0  0   1.32e-01
  0  0   1.29e-01
  0  0   1.17e-01
  0  0   1.02e-01
  0  0   8.34e-02
  0  0   7.09e-02
  0  0   6.69e-02
  0  0   6.72e-02
  0  0   6.91e-02
  0  0   7.11e-02
  0  0   7.26e-02
  0  0   7.38e-02
  0  0   7.46e-02
  0  0   7.51e-02
 10 12   9.39e-02
  0  0   1.03e-01
  0  0   1.17e-01
  0  0   1.38e-01
  0  0   1.69e-01
  0  0   2.10e-01
  0  0   2.58e-01
  0  0   3.16e-01
  0  0   3.79e-01
  0  0   4.27e-01
  0  0   4.39e-01
  0  0   4.15e-01
  0  0   3.71e-01
  0  0   3.11e-01
  0  0   2.69e-01
  0  0   2.55e-01
  0  0   2.56e-01
  0  0   2.62e-01
  0  0   2.69e-01
  0  0   2.74e-01
  0  0   2.78e-01
  0  0   2.81e-01
  0  0   2.83e-01
 10 13   1.22e-01
  0  0   1.45e-01
  0  0   1.81e-01
  0  0   2.34e-01
  0  0   3.11e-01
  0  0   4.17e-01
  0  0   5.51e-01
  0  0   7.14e-01
  0  0   8.96e-01
  0  0   1.05e+00
  0  0   1.11e+00
  0  0   1.07e+00
  0  0   9.73e-01
  0  0   8.28e-01
  0  0   7.23e-01
  0  0   6.88e-01
  0  0   6.91e-01
  0  0   7.07e-01
  0  0   7.23e-01
  0  0   7.37e-01
  0  0   7.47e-01
  0  0   7.54e-01
  0  0   7.58e-01
 11 12   6.70e-03
  0  0   1.05e-02
  0  0   1.63e-02
  0  0   2.51e-02
  0  0   3.85e-02
  0  0   5.90e-02
  0  0   9.05e-02
  0  0   1.37e-01
  0  0   1.96e-01
  0  0   2.54e-01
  0  0   2.99e-01
  0  0   3.31e-01
  0  0   3.54e-01
  0  0   3.71e-01
  0  0   3.81e-01
  0  0   3.84e-01
  0  0   3.84e-01
  0  0   3.82e-01
  0  0   3.81e-01
  0  0   3.80e-01
  0  0   3.79e-01
  0  0   3.78e-01
  0  0   3.78e-01
 11 13   4.61e-03
  0  0   7.56e-03
  0  0   1.25e-02
  0  0   2.10e-02
  0  0   3.49e-02
  0  0   5.70e-02
  0  0   8.95e-02
  0  0   1.36e-01
  0  0   1.91e-01
  0  0   2.43e-01
  0  0   2.82e-01
  0  0   3.10e-01
  0  0   3.37e-01
  0  0   3.77e-01
  0  0   4.08e-01
  0  0   4.18e-01
  0  0   4.17e-01
  0  0   4.13e-01
  0  0   4.08e-01
  0  0   4.04e-01
  0  0   4.01e-01
  0  0   3.99e-01
  0  0   3.97e-01
 12 13   1.41e-02
  0  0   2.23e-02
  0  0   3.51e-02
  0  0   5.52e-02
  0  0   8.67e-02
  0  0   1.36e-01
  0  0   2.12e-01
  0  0   3.22e-01
  0  0   4.57e-01
  0  0   5.85e-01
  0  0   6.84e-01
  0  0   7.56e-01
  0  0   8.15e-01
  0  0   8.85e-01
  0  0   9.35e-01
  0  0   9.51e-01
  0  0   9.50e-01
  0  0   9.42e-01
  0  0   9.34e-01
  0  0   9.28e-01
  0  0   9.23e-01
  0  0   9.20e-01
  0  0   9.18e-01
 0 0 0
  1  2   2.060e-05
  1  3   7.797e-06
  1  4   2.611e-03
  1  5   6.518e-03
  1  6   3.940e+08
  1  7   3.966e+08
  1  8   4.012e+08
  1  9   2.750e+04
  1 10   4.977e+04
  1 11   1.514e+08
  1 12   1.485e+08
  1 13   1.435e+08
  2  3   0.000e+00
  2  4   5.055e-02
  2  5   2.637e-02
  2  6   1.485e+04
  2  7   4.424e+03
  2  8   7.132e+01
  2  9   3.369e+08
  2 10   3.175e+07
  2 11   3.095e+03
  2 12   1.977e+01
  2 13   2.026e+02
  3  4   3.303e-02
  3  5   5.881e-02
  3  6   0.000e+00
  3  7   2.217e+04
  3  8   1.444e+03
  3  9   0.000e+00
  3 10   3.026e+08
  3 11   0.000e+00
  3 12   6.872e+03
  3 13   2.446e+03
  4  5   0.000e+00
  4  6   3.848e+03
  4  7   1.105e+03
  4  8   0.000e+00
  4  9   8.124e+07
  4 10   2.059e+07
  4 11   9.905e+02
  4 12   6.714e+02
  4 13   0.000e+00
  5  6   2.517e+02
  5  7   4.703e+03
  5  8   0.000e+00
  5  9   3.900e+07
  5 10   1.025e+08
  5 11   5.152e+01
  5 12   1.230e+03
  5 13   5.502e+02
  6  7   0.000e+00
  6  8   0.000e+00
  6  9   0.000e+00
  6 10   0.000e+00
  6 11   0.000e+00
  6 12   0.000e+00
  6 13   0.000e+00
  7  8   0.000e+00
  7  9   0.000e+00
  7 10   0.000e+00
  7 11   0.000e+00
  7 12   0.000e+00
  7 13   0.000e+00
  8  9   0.000e+00
  8 10   0.000e+00
  8 11   0.000e+00
  8 12   0.000e+00
  8 13   0.000e+00
  9 10   0.000e+00
  9 11   0.000e+00
  9 12   0.000e+00
  9 13   0.000e+00
 10 11   0.000e+00
 10 12   0.000e+00
 10 13   0.000e+00
 11 12   0.000e+00
 11 13   0.000e+00
 12 13   0.000e+00
  1  4        0.0
  2  4    19233.2
  3  6    19224.5
  4  2    28838.9
  5  4    28838.3
  6  2    83284.1
  7  4    83317.8
  8  6    83364.6
  9  2    86137.4
 10  4    86220.5
 11  2    88170.6
 12  4    88151.2
 13  6    88107.3
