24
** Atomic data from version 9 of the CHIANTI database **
%filename: o_1.elvlc
%observed energies: downloaded from online NIST database, 2-Feb-2010
%theoretical energies: Zatsarinny, O., & Tayal, S.S. 2003, ApJS, 148, 575
% produced as part of the Arcetri/Cambridge/NRL 'CHIANTI' atomic data base collaboration
%
%   Peter Young, 2-Feb-2010
%filename: o_1.wgfa
%observed energies: downloaded from online NIST database, 2-Feb-2010
%A-values:  Froese Fischer, C., & Tachiev, G. 2004, ADNDT, 87, 1
% produced as part of the Arcetri/Cambridge/NRL 'CHIANTI' atomic data base collaboration
%
%   Peter Young, 2-Feb-2010
%File processed with wgfa_tidy by pryoung on  6-Mar-2019
-1
%filename:  o_1.splups
%oscillator strengths: Froese Fischer, C., & Tachiev, G. 2004, ADNDT, 87, 1 
%effective collision strengths: Zatsarinny, O., & Tayal, S.S. 2003, ApJS, 148, 575
%effective collision strengths (levels 1-3): Bell, K.L., Berrington, K.A., & Thomas, M.R.J., 1998, MNRAS, 293, L83
% produced as part of the Arcetri/Cambridge/NRL 'CHIANTI' atomic data base collaboration
%
%   Peter Young, 2-Feb-2010
%   Peter Young, 20-Sep-2011
%     Updated fits for 2-3 and 4-5 transitions
5 23
  1  2s2.2p4 3P2
  2  2s2.2p4 3P1
  3  2s2.2p4 3P0
  4  2s2.2p4 1D2
  5  2s2.2p4 1S0
     100.0
     158.5
     251.2
     398.1
     631.0
    1000.0
    1584.9
    2511.9
    3981.1
    6309.6
   10000.0
   15848.9
   25118.9
   39810.7
   63095.7
  100000.0
  158489.3
  251188.6
  398107.2
  630957.3
 1000000.0
 1584893.2
 2511886.4
0
  1  2   1.33e-03
  0  0   1.66e-03
  0  0   2.01e-03
  0  0   2.37e-03
  0  0   2.78e-03
  0  0   3.36e-03
  0  0   4.20e-03
  0  0   5.26e-03
  0  0   6.39e-03
  0  0   7.39e-03
  0  0   8.20e-03
  0  0   8.79e-03
  0  0   9.20e-03
  0  0   9.48e-03
  0  0   9.66e-03
  0  0   9.78e-03
  0  0   9.86e-03
  0  0   9.91e-03
  0  0   9.94e-03
  0  0   9.96e-03
  0  0   9.97e-03
  0  0   9.98e-03
  0  0   9.98e-03
  1  3   5.26e-04
  0  0   6.70e-04
  0  0   8.32e-04
  0  0   1.01e-03
  0  0   1.22e-03
  0  0   1.50e-03
  0  0   1.88e-03
  0  0   2.36e-03
  0  0   2.86e-03
  0  0   3.30e-03
  0  0   3.65e-03
  0  0   3.91e-03
  0  0   4.09e-03
  0  0   4.21e-03
  0  0   4.29e-03
  0  0   4.34e-03
  0  0   4.37e-03
  0  0   4.39e-03
  0  0   4.41e-03
  0  0   4.42e-03
  0  0   4.42e-03
  0  0   4.43e-03
  0  0   4.43e-03
  2  3   8.77e-07
  0  0   1.90e-06
  0  0   4.03e-06
  0  0   7.86e-06
  0  0   1.40e-05
  0  0   2.36e-05
  0  0   3.75e-05
  0  0   5.56e-05
  0  0   7.62e-05
  0  0   9.64e-05
  0  0   1.14e-04
  0  0   1.27e-04
  0  0   1.37e-04
  0  0   1.44e-04
  0  0   1.48e-04
  0  0   1.51e-04
  0  0   1.53e-04
  0  0   1.55e-04
  0  0   1.55e-04
  0  0   1.56e-04
  0  0   1.56e-04
  0  0   1.56e-04
  0  0   1.56e-04
  1  4   4.44e-03
  0  0   5.24e-03
  0  0   6.53e-03
  0  0   8.59e-03
  0  0   1.19e-02
  0  0   1.73e-02
  0  0   2.62e-02
  0  0   4.08e-02
  0  0   6.46e-02
  0  0   1.03e-01
  0  0   1.63e-01
  0  0   2.48e-01
  0  0   3.57e-01
  0  0   4.80e-01
  0  0   6.03e-01
  0  0   7.10e-01
  0  0   7.93e-01
  0  0   8.53e-01
  0  0   8.94e-01
  0  0   9.22e-01
  0  0   9.40e-01
  0  0   9.52e-01
  0  0   9.60e-01
  1  5   1.78e-03
  0  0   1.74e-03
  0  0   1.69e-03
  0  0   1.63e-03
  0  0   1.60e-03
  0  0   1.68e-03
  0  0   2.08e-03
  0  0   3.23e-03
  0  0   5.85e-03
  0  0   1.07e-02
  0  0   1.79e-02
  0  0   2.79e-02
  0  0   3.99e-02
  0  0   5.34e-02
  0  0   6.64e-02
  0  0   7.72e-02
  0  0   8.54e-02
  0  0   9.12e-02
  0  0   9.51e-02
  0  0   9.77e-02
  0  0   9.93e-02
  0  0   1.00e-01
  0  0   1.01e-01
  2  4   2.66e-03
  0  0   3.15e-03
  0  0   3.92e-03
  0  0   5.16e-03
  0  0   7.16e-03
  0  0   1.04e-02
  0  0   1.57e-02
  0  0   2.45e-02
  0  0   3.87e-02
  0  0   6.17e-02
  0  0   9.76e-02
  0  0   1.49e-01
  0  0   2.14e-01
  0  0   2.88e-01
  0  0   3.62e-01
  0  0   4.26e-01
  0  0   4.76e-01
  0  0   5.12e-01
  0  0   5.37e-01
  0  0   5.53e-01
  0  0   5.64e-01
  0  0   5.71e-01
  0  0   5.76e-01
  2  5   1.11e-03
  0  0   1.09e-03
  0  0   1.05e-03
  0  0   1.01e-03
  0  0   9.88e-04
  0  0   1.02e-03
  0  0   1.25e-03
  0  0   1.93e-03
  0  0   3.51e-03
  0  0   6.39e-03
  0  0   1.08e-02
  0  0   1.67e-02
  0  0   2.40e-02
  0  0   3.21e-02
  0  0   3.98e-02
  0  0   4.62e-02
  0  0   5.10e-02
  0  0   5.45e-02
  0  0   5.68e-02
  0  0   5.83e-02
  0  0   5.93e-02
  0  0   5.99e-02
  0  0   6.03e-02
  3  4   8.87e-04
  0  0   1.05e-03
  0  0   1.31e-03
  0  0   1.72e-03
  0  0   2.39e-03
  0  0   3.47e-03
  0  0   5.24e-03
  0  0   8.16e-03
  0  0   1.29e-02
  0  0   2.06e-02
  0  0   3.26e-02
  0  0   4.97e-02
  0  0   7.13e-02
  0  0   9.61e-02
  0  0   1.21e-01
  0  0   1.42e-01
  0  0   1.59e-01
  0  0   1.71e-01
  0  0   1.80e-01
  0  0   1.85e-01
  0  0   1.89e-01
  0  0   1.91e-01
  0  0   1.93e-01
  3  5   3.82e-04
  0  0   3.73e-04
  0  0   3.62e-04
  0  0   3.48e-04
  0  0   3.38e-04
  0  0   3.46e-04
  0  0   4.16e-04
  0  0   6.40e-04
  0  0   1.17e-03
  0  0   2.13e-03
  0  0   3.59e-03
  0  0   5.56e-03
  0  0   7.99e-03
  0  0   1.07e-02
  0  0   1.33e-02
  0  0   1.53e-02
  0  0   1.69e-02
  0  0   1.80e-02
  0  0   1.88e-02
  0  0   1.93e-02
  0  0   1.96e-02
  0  0   1.98e-02
  0  0   1.99e-02
  4  5   2.81e-03
  0  0   3.06e-03
  0  0   3.52e-03
  0  0   4.39e-03
  0  0   6.21e-03
  0  0   1.02e-02
  0  0   1.86e-02
  0  0   3.11e-02
  0  0   4.67e-02
  0  0   6.55e-02
  0  0   8.80e-02
  0  0   1.16e-01
  0  0   1.51e-01
  0  0   1.94e-01
  0  0   2.42e-01
  0  0   2.89e-01
  0  0   3.29e-01
  0  0   3.60e-01
  0  0   3.83e-01
  0  0   3.99e-01
  0  0   4.09e-01
  0  0   4.16e-01
  0  0   4.20e-01
 0 0 0
  1  2   8.542e-05
  1  3   1.380e-10
  1  4   6.503e-03
  1  5   3.494e-04
  2  3   1.643e-05
  2  4   2.101e-03
  2  5   7.842e-02
  3  4   6.181e-07
  3  5   0.000e+00
  4  5   1.260e+00
  1  5        0.0
  2  3      158.3
  3  1      227.0
  4  5    15867.9
  5  1    33792.6
