 31
** Atomic data from version 5.2 of the CHIANTI database **
%energy levels: 
   v.3 of NIST Atomic Spectra Database
   http://physics.nist.gov/PhysRefData/ASD/index.html
%Theoretical energy levels configurations 2s2.2p2, 2s.2p3, 2p4: Aggarwal, K.M., ApJSS, 52, 387, 1983
%Theoretical energy levels other configurations: Bhatia, A.K., Kastner, S.O., 1993, ADNDT, 54,133
% produced as part of the Arcetri/Cambridge/NRL 'CHIANTI' atomic data base collaboration
%
%  E. Landi 2000
%  P. Young, 10-Jun-2005
%    updated with NIST energies for all levels
%observed energy levels: Ralchenko Y., Jou, F.C., Kelleher, D.E., Kramida, A.E.,
   Musgrove, A., Reader, J., Wiese, W.L., Olsen, K., 2005, NIST Atomic Spectra Database, Version 3.0
%oscillator strengths: Bhatia, A.K., Kastner, S.O., 1993, ADNDT, 54, 133
%A-values (2-4 and 3-4 transitions): Storey PJ, Zeippen CJ, MNRAS 312, 813, 2000%A-values (other ground transitions):
       Tachiev, G., Froese Fischer, C., 2001, Canadian Journal of Physics, '
         79, 955
%comment: updated wavelengths with new energies in .elvlc file (Jun 10, 2005)
% produced as part of the Arcetri/Cambridge/NRL 'CHIANTI' atomic data base collaboration
%
% Enrico Landi and P.R. Young - Jun 10, 2005
%   Updated with Tachiev A-values, P.R. Young, Jul 14, 2006

%filename: o_3.upsdat
%effective collision strengths: Burke, V.M., Lennon, D.J., A&ASS, 1994, 103,273
%produced as part of the Arcetri/Cambridge/NRL atomic data base collaboration
%
% Peter Young, 6-Jun-06: the 2-3 upsilons had been typed in wrong. I've now
% corrected them.
% Peter Young, 11-Jul-06: one of the values for the 1-6 transition had been
% mis-typed. This is now corrected.
 6 23 0
  1  2s2.2p2 3P0
  2  2s2.2p2 3P1
  3  2s2.2p2 3P2
  4  2s2.2p2 1D2
  5  2s2.2p2 1S0
  6  2s.2p3 5S2
     100.0
     158.5
     251.2
     398.1
     631.0
    1000.0
    1584.9
    2511.9
    3981.1
    6309.6
   10000.0
   15848.9
   25118.9
   39810.7
   63095.8
  100000.0
  158489.2
  251188.7
  398107.1
  630957.6
 1000000.0
 1584892.5
 2511887.0
0
  1  2   4.87e-01
  0  0   4.88e-01
  0  0   4.89e-01
  0  0   4.91e-01
  0  0   4.94e-01
  0  0   4.99e-01
  0  0   5.04e-01
  0  0   5.12e-01
  0  0   5.20e-01
  0  0   5.30e-01
  0  0   5.43e-01
  0  0   5.57e-01
  0  0   5.70e-01
  0  0   5.81e-01
  0  0   5.89e-01
  0  0   5.95e-01
  0  0   5.98e-01
  0  0   6.01e-01
  0  0   6.02e-01
  0  0   6.03e-01
  0  0   6.04e-01
  0  0   6.04e-01
  0  0   6.05e-01
  1  3   2.43e-01
  0  0   2.43e-01
  0  0   2.44e-01
  0  0   2.44e-01
  0  0   2.45e-01
  0  0   2.46e-01
  0  0   2.48e-01
  0  0   2.51e-01
  0  0   2.55e-01
  0  0   2.61e-01
  0  0   2.70e-01
  0  0   2.82e-01
  0  0   2.97e-01
  0  0   3.11e-01
  0  0   3.23e-01
  0  0   3.32e-01
  0  0   3.38e-01
  0  0   3.42e-01
  0  0   3.44e-01
  0  0   3.46e-01
  0  0   3.47e-01
  0  0   3.48e-01
  0  0   3.48e-01
  1  4   2.52e-01
  0  0   2.52e-01
  0  0   2.51e-01
  0  0   2.50e-01
  0  0   2.48e-01
  0  0   2.46e-01
  0  0   2.43e-01
  0  0   2.39e-01
  0  0   2.36e-01
  0  0   2.39e-01
  0  0   2.53e-01
  0  0   2.72e-01
  0  0   2.89e-01
  0  0   2.97e-01
  0  0   2.98e-01
  0  0   2.96e-01
  0  0   2.93e-01
  0  0   2.91e-01
  0  0   2.90e-01
  0  0   2.88e-01
  0  0   2.88e-01
  0  0   2.87e-01
  0  0   2.87e-01
  1  5   3.11e-02
  0  0   3.10e-02
  0  0   3.10e-02
  0  0   3.09e-02
  0  0   3.08e-02
  0  0   3.06e-02
  0  0   3.04e-02
  0  0   3.01e-02
  0  0   3.00e-02
  0  0   3.05e-02
  0  0   3.24e-02
  0  0   3.53e-02
  0  0   3.80e-02
  0  0   3.96e-02
  0  0   4.00e-02
  0  0   3.98e-02
  0  0   3.94e-02
  0  0   3.90e-02
  0  0   3.87e-02
  0  0   3.86e-02
  0  0   3.84e-02
  0  0   3.84e-02
  0  0   3.83e-02
  1  6   1.12e-01
  0  0   1.11e-01
  0  0   1.11e-01
  0  0   1.10e-01
  0  0   1.09e-01
  0  0   1.08e-01
  0  0   1.07e-01
  0  0   1.08e-01
  0  0   1.14e-01
  0  0   1.24e-01
  0  0   1.34e-01
  0  0   1.40e-01
  0  0   1.41e-01
  0  0   1.38e-01
  0  0   1.30e-01
  0  0   1.18e-01
  0  0   1.05e-01
  0  0   9.51e-02
  0  0   8.78e-02
  0  0   8.29e-02
  0  0   7.98e-02
  0  0   7.77e-02
  0  0   7.64e-02
  2  3   1.16e+00
  0  0   1.16e+00
  0  0   1.16e+00
  0  0   1.17e+00
  0  0   1.17e+00
  0  0   1.18e+00
  0  0   1.19e+00
  0  0   1.20e+00
  0  0   1.22e+00
  0  0   1.25e+00
  0  0   1.29e+00
  0  0   1.33e+00
  0  0   1.38e+00
  0  0   1.43e+00
  0  0   1.46e+00
  0  0   1.48e+00
  0  0   1.49e+00
  0  0   1.50e+00
  0  0   1.51e+00
  0  0   1.51e+00
  0  0   1.51e+00
  0  0   1.51e+00
  0  0   1.51e+00
  2  4   7.60e-01
  0  0   7.59e-01
  0  0   7.56e-01
  0  0   7.53e-01
  0  0   7.48e-01
  0  0   7.40e-01
  0  0   7.29e-01
  0  0   7.16e-01
  0  0   7.07e-01
  0  0   7.17e-01
  0  0   7.59e-01
  0  0   8.18e-01
  0  0   8.66e-01
  0  0   8.91e-01
  0  0   8.95e-01
  0  0   8.89e-01
  0  0   8.82e-01
  0  0   8.76e-01
  0  0   8.72e-01
  0  0   8.69e-01
  0  0   8.68e-01
  0  0   8.66e-01
  0  0   8.66e-01
  2  5   9.31e-02
  0  0   9.30e-02
  0  0   9.29e-02
  0  0   9.27e-02
  0  0   9.23e-02
  0  0   9.18e-02
  0  0   9.11e-02
  0  0   9.04e-02
  0  0   9.01e-02
  0  0   9.16e-02
  0  0   9.72e-02
  0  0   1.06e-01
  0  0   1.14e-01
  0  0   1.19e-01
  0  0   1.20e-01
  0  0   1.19e-01
  0  0   1.18e-01
  0  0   1.16e-01
  0  0   1.15e-01
  0  0   1.14e-01
  0  0   1.14e-01
  0  0   1.14e-01
  0  0   1.14e-01
  2  6   3.33e-01
  0  0   3.32e-01
  0  0   3.31e-01
  0  0   3.30e-01
  0  0   3.28e-01
  0  0   3.25e-01
  0  0   3.22e-01
  0  0   3.24e-01
  0  0   3.41e-01
  0  0   3.73e-01
  0  0   4.02e-01
  0  0   4.19e-01
  0  0   4.24e-01
  0  0   4.15e-01
  0  0   3.90e-01
  0  0   3.53e-01
  0  0   3.18e-01
  0  0   2.94e-01
  0  0   2.80e-01
  0  0   2.72e-01
  0  0   2.67e-01
  0  0   2.64e-01
  0  0   2.62e-01
  3  4   1.28e+00
  0  0   1.28e+00
  0  0   1.27e+00
  0  0   1.27e+00
  0  0   1.26e+00
  0  0   1.24e+00
  0  0   1.22e+00
  0  0   1.19e+00
  0  0   1.18e+00
  0  0   1.20e+00
  0  0   1.27e+00
  0  0   1.36e+00
  0  0   1.44e+00
  0  0   1.49e+00
  0  0   1.49e+00
  0  0   1.48e+00
  0  0   1.47e+00
  0  0   1.46e+00
  0  0   1.46e+00
  0  0   1.45e+00
  0  0   1.45e+00
  0  0   1.45e+00
  0  0   1.45e+00
  3  5   1.55e-01
  0  0   1.55e-01
  0  0   1.55e-01
  0  0   1.55e-01
  0  0   1.54e-01
  0  0   1.53e-01
  0  0   1.52e-01
  0  0   1.51e-01
  0  0   1.50e-01
  0  0   1.53e-01
  0  0   1.62e-01
  0  0   1.76e-01
  0  0   1.90e-01
  0  0   1.98e-01
  0  0   2.00e-01
  0  0   1.98e-01
  0  0   1.96e-01
  0  0   1.94e-01
  0  0   1.93e-01
  0  0   1.92e-01
  0  0   1.91e-01
  0  0   1.91e-01
  0  0   1.90e-01
  3  6   5.56e-01
  0  0   5.55e-01
  0  0   5.54e-01
  0  0   5.51e-01
  0  0   5.47e-01
  0  0   5.42e-01
  0  0   5.37e-01
  0  0   5.40e-01
  0  0   5.68e-01
  0  0   6.22e-01
  0  0   6.72e-01
  0  0   7.00e-01
  0  0   7.08e-01
  0  0   6.93e-01
  0  0   6.51e-01
  0  0   5.90e-01
  0  0   5.33e-01
  0  0   4.94e-01
  0  0   4.71e-01
  0  0   4.58e-01
  0  0   4.49e-01
  0  0   4.44e-01
  0  0   4.41e-01
  4  5   4.30e-01
  0  0   4.29e-01
  0  0   4.29e-01
  0  0   4.28e-01
  0  0   4.26e-01
  0  0   4.25e-01
  0  0   4.26e-01
  0  0   4.35e-01
  0  0   4.66e-01
  0  0   5.24e-01
  0  0   5.81e-01
  0  0   6.08e-01
  0  0   6.10e-01
  0  0   5.99e-01
  0  0   5.85e-01
  0  0   5.74e-01
  0  0   5.65e-01
  0  0   5.59e-01
  0  0   5.55e-01
  0  0   5.53e-01
  0  0   5.51e-01
  0  0   5.50e-01
  0  0   5.50e-01
 0 0 0
  1  2   2.597e-05
  1  3   3.02-11
  1  4   2.322e-06
  1  5   0.000e+00
  1  6   0.000e+00
  2  3   9.632e-05
  2  4   6.791e-03
  2  5   2.255e-01
  2  6   1.450e+02
  3  4   2.046e-02
  3  5   6.998e-04
  3  6   4.260e+02
  4  5   1.685e+00
  4  6   0.000e+00
  5  6   0.000e+00
  1  1        0.0
  2  3      113.2
  3  5      306.2
  4  5    20273.3
  5  1    43185.7
  6  5    60324.8
