0.0000 0.0000 0.0000 0.0000 0.0000   0.00000000 0.0000 0.0000 0.0000 0.0000 0.0000   0.00000000 0.0000 0.0000 0.0000 0.0000 0.0000   0.00000000
-9.5285 -3.0604 1.0118 -0.1724 0.0100 -11.20554252 -7.9669 -4.5627 1.5605 -0.2623 0.0156 -11.20554252 -2.8768 -9.3984 3.3144 -0.5492 0.0334 -11.20554252
0.0000 0.0000 0.0000 0.0000 0.0000   0.00000000 0.0000 0.0000 0.0000 0.0000 0.0000   0.00000000 0.0000 0.0000 0.0000 0.0000 0.0000   0.00000000
-10.7048 -1.0937 0.1830 -0.0216 -0.0002 -11.29172226 -8.9085 -2.8651 0.8465 -0.1331 0.0069 -11.29172226 -3.8451 -7.6834 2.5963 -0.4196 0.0247 -11.29172226
-11.9158 -0.7142 -0.0397 0.0350 -0.0054 -11.30013703 -9.3747 -3.3982 1.0413 -0.1606 0.0079 -11.30013703 -3.4983 -9.1386 3.1815 -0.5200 0.0308 -11.30013703
-10.3235 -2.1407 0.6559 -0.1126 0.0053 -11.30681983 -7.7867 -4.7396 1.6650 -0.2880 0.0168 -11.30681983 -2.6822 -9.6439 3.4693 -0.5885 0.0359 -11.30681983
0.0000 0.0000 0.0000 0.0000 0.0000   0.00000000 0.0000 0.0000 0.0000 0.0000 0.0000   0.00000000 0.0000 0.0000 0.0000 0.0000 0.0000   0.00000000
-11.9133 -0.8702 0.0927 -0.0029 -0.0027 -11.34418310 -7.0650 -6.2341 2.3263 -0.4163 0.0260 -11.34418310 -3.6839 -9.0135 3.1589 -0.5215 0.0305 -11.34418310
0.0000 0.0000 0.0000 0.0000 0.0000   0.00000000 0.0000 0.0000 0.0000 0.0000 0.0000   0.00000000 0.0000 0.0000 0.0000 0.0000 0.0000   0.00000000
-9.8597 -2.1686 0.6946 -0.1292 0.0072 -11.35237664 -8.0166 -3.9808 1.3703 -0.2422 0.0143 -11.35237664 -2.5220 -9.3807 3.3936 -0.5839 0.0362 -11.35237664
-8.7794 -4.8883 1.8027 -0.3328 0.0233 -11.37523651 -11.3704 -1.1751 -0.0508 0.0593 -0.0068 -11.37523651 -6.9084 -5.5087 1.5681 -0.2156 0.0111 -11.37523651
-10.2404 -2.3589 0.7883 -0.1489 0.0086 -11.39405884 -8.5873 -3.9052 1.3308 -0.2334 0.0135 -11.39405884 -2.5556 -9.9681 3.6562 -0.6352 0.0398 -11.39405884
-10.9830 -1.2474 0.2382 -0.0288 -0.0002 -11.40225323 -9.3497 -2.8073 0.8039 -0.1210 0.0055 -11.40225323 -3.5503 -8.5119 2.9485 -0.4845 0.0288 -11.40225323
0.0000 0.0000 0.0000 0.0000 0.0000   0.00000000 0.0000 0.0000 0.0000 0.0000 0.0000   0.00000000 0.0000 0.0000 0.0000 0.0000 0.0000   0.00000000
-10.1066 -0.8557 0.1365 -0.0389 0.0021 -11.47098007 -9.2054 -1.7486 0.4655 -0.0926 0.0054 -11.47098007 -1.7648 -9.6432 3.6239 -0.6564 0.0432 -11.47098007
-10.6483 -0.7700 0.0921 -0.0287 0.0012 -11.52658023 -9.4272 -2.0203 0.5694 -0.1095 0.0063 -11.52658023 -1.7702 -10.1764 3.8452 -0.6965 0.0458 -11.52658023
-10.9306 -1.4448 0.3528 -0.0620 0.0040 -11.55105094 -8.1541 -4.3698 1.5204 -0.2705 0.0181 -11.55105094 -3.6928 -8.4997 2.9746 -0.5010 0.0319 -11.55105094
-11.7560 -1.0286 0.1596 -0.0204 0.0005 -11.56413532 -8.5541 -4.3957 1.4969 -0.2575 0.0163 -11.56413532 -5.1026 -7.3477 2.4404 -0.3901 0.0232 -11.56413532
0.0000 0.0000 0.0000 0.0000 0.0000   0.00000000 0.0000 0.0000 0.0000 0.0000 0.0000   0.00000000 0.0000 0.0000 0.0000 0.0000 0.0000   0.00000000
-10.9392 -0.0446 0.0535 -0.0986 0.0150 -11.73656189 -99.6458 113.7419 -53.7699 11.0027 -0.8245 -11.73656189 -39.4726 42.6553 -22.7510 5.0843 -0.4073 -11.73656189
0.0000 0.0000 0.0000 0.0000 0.0000   0.00000000 0.0000 0.0000 0.0000 0.0000 0.0000   0.00000000 0.0000 0.0000 0.0000 0.0000 0.0000   0.00000000
0.0000 0.0000 0.0000 0.0000 0.0000   0.00000000 0.0000 0.0000 0.0000 0.0000 0.0000   0.00000000 0.0000 0.0000 0.0000 0.0000 0.0000   0.00000000
0.0000 0.0000 0.0000 0.0000 0.0000   0.00000000 0.0000 0.0000 0.0000 0.0000 0.0000   0.00000000 0.0000 0.0000 0.0000 0.0000 0.0000   0.00000000
0.0000 0.0000 0.0000 0.0000 0.0000   0.00000000 0.0000 0.0000 0.0000 0.0000 0.0000   0.00000000 0.0000 0.0000 0.0000 0.0000 0.0000   0.00000000
0.0000 0.0000 0.0000 0.0000 0.0000   0.00000000 0.0000 0.0000 0.0000 0.0000 0.0000   0.00000000 0.0000 0.0000 0.0000 0.0000 0.0000   0.00000000
0.0000 0.0000 0.0000 0.0000 0.0000   0.00000000 0.0000 0.0000 0.0000 0.0000 0.0000   0.00000000 0.0000 0.0000 0.0000 0.0000 0.0000   0.00000000
0.0000 0.0000 0.0000 0.0000 0.0000   0.00000000 0.0000 0.0000 0.0000 0.0000 0.0000   0.00000000 0.0000 0.0000 0.0000 0.0000 0.0000   0.00000000
0.0000 0.0000 0.0000 0.0000 0.0000   0.00000000 0.0000 0.0000 0.0000 0.0000 0.0000   0.00000000 0.0000 0.0000 0.0000 0.0000 0.0000   0.00000000
0.0000 0.0000 0.0000 0.0000 0.0000   0.00000000 0.0000 0.0000 0.0000 0.0000 0.0000   0.00000000 0.0000 0.0000 0.0000 0.0000 0.0000   0.00000000
0.0000 0.0000 0.0000 0.0000 0.0000   0.00000000 0.0000 0.0000 0.0000 0.0000 0.0000   0.00000000 0.0000 0.0000 0.0000 0.0000 0.0000   0.00000000
0.0000 0.0000 0.0000 0.0000 0.0000   0.00000000 0.0000 0.0000 0.0000 0.0000 0.0000   0.00000000 0.0000 0.0000 0.0000 0.0000 0.0000   0.00000000
0.0000 0.0000 0.0000 0.0000 0.0000   0.00000000 0.0000 0.0000 0.0000 0.0000 0.0000   0.00000000 0.0000 0.0000 0.0000 0.0000 0.0000   0.00000000
0.0000 0.0000 0.0000 0.0000 0.0000   0.00000000 0.0000 0.0000 0.0000 0.0000 0.0000   0.00000000 0.0000 0.0000 0.0000 0.0000 0.0000   0.00000000
0.0000 0.0000 0.0000 0.0000 0.0000   0.00000000 0.0000 0.0000 0.0000 0.0000 0.0000   0.00000000 0.0000 0.0000 0.0000 0.0000 0.0000   0.00000000
0.0000 0.0000 0.0000 0.0000 0.0000   0.00000000 0.0000 0.0000 0.0000 0.0000 0.0000   0.00000000 0.0000 0.0000 0.0000 0.0000 0.0000   0.00000000
0.0000 0.0000 0.0000 0.0000 0.0000   0.00000000 0.0000 0.0000 0.0000 0.0000 0.0000   0.00000000 0.0000 0.0000 0.0000 0.0000 0.0000   0.00000000
0.0000 0.0000 0.0000 0.0000 0.0000   0.00000000 0.0000 0.0000 0.0000 0.0000 0.0000   0.00000000 0.0000 0.0000 0.0000 0.0000 0.0000   0.00000000
0.0000 0.0000 0.0000 0.0000 0.0000   0.00000000 0.0000 0.0000 0.0000 0.0000 0.0000   0.00000000 0.0000 0.0000 0.0000 0.0000 0.0000   0.00000000
-10.2555 -0.9274 0.1232 -0.0282 0.0017 -12.01539579 -32.0434 26.4471 -12.4861 2.4899 -0.1815 -12.01539579 -29.6765 25.4674 -12.7690 2.6688 -0.2021 -12.01539579
0.0000 0.0000 0.0000 0.0000 0.0000   0.00000000 0.0000 0.0000 0.0000 0.0000 0.0000   0.00000000 0.0000 0.0000 0.0000 0.0000 0.0000   0.00000000
0.0000 0.0000 0.0000 0.0000 0.0000   0.00000000 0.0000 0.0000 0.0000 0.0000 0.0000   0.00000000 0.0000 0.0000 0.0000 0.0000 0.0000   0.00000000
0.0000 0.0000 0.0000 0.0000 0.0000   0.00000000 0.0000 0.0000 0.0000 0.0000 0.0000   0.00000000 0.0000 0.0000 0.0000 0.0000 0.0000   0.00000000
0.0000 0.0000 0.0000 0.0000 0.0000   0.00000000 0.0000 0.0000 0.0000 0.0000 0.0000   0.00000000 0.0000 0.0000 0.0000 0.0000 0.0000   0.00000000
0.0000 0.0000 0.0000 0.0000 0.0000   0.00000000 0.0000 0.0000 0.0000 0.0000 0.0000   0.00000000 0.0000 0.0000 0.0000 0.0000 0.0000   0.00000000
