30
** Atomic data from version 9 of the CHIANTI database **
%filename: si_2.elvlc
%observed energies: v.3 of the NIST Atomic Database
%theoretical energies: Tayal, 2008, ApJS, 179, 534
% produced as part of the Arcetri/Cambridge/NRL 'CHIANTI' atomic data base collaboration
%
%     Peter Young, Jan-2009
%filename: si_2.wgfa
%observed energies: v.3 of the NIST Atomic Database
%theoretical energies: Tayal, 2008, ApJS, 179, 534
%A-values: Tayal, S.S., 2007, J.Phys.B, 40, 2551
%A-values: Nahar, S.N., 1998, ADNDT 68, 183
%A-values: Nussbaumer, H. 1977, A&A, 58, 291
%Comment: Both Nahar (1998) and Tayal (2007) give f-values so these have been converted to
A-values using the observed energies.
All data from Tayal (2007) have been used and these have been supplemented with
Nahar (1998) for all remaining allowed transitions, and Nussbaumer (1977) for the
ground transition.
% produced as part of the Arcetri/Cambridge/NRL 'CHIANTI' atomic data base collaboration
%
%  Peter Young, Jan-2009
%File processed with wgfa_tidy by pryoung on  6-Mar-2019
-1
%filename: si_2.splups
%theoretical energies: Tayal, S.S., 2008, ApJS, 179, 534
%gf-values:  Tayal, S.S., 2007, J.Phys.B, 40, 2551 and Nahar, S.N., 1998, ADNDT 68, 183
%Effective collision strengths:  Tayal, S.S., 2008, ApJS, 179, 534
% produced as part of the Arcetri/Cambridge/NRL 'CHIANTI' atomic data base collaboration
%
%  Peter Young, Feb-2009
12 23
  1  3s2.3p 2P0
  2  3s2.3p 2P1
  3  3s.3p2 4P0
  4  3s.3p2 4P1
  5  3s.3p2 4P2
  6  3s.3p2 2D1
  7  3s.3p2 2D2
  8  3s2.4s 2S0
  9  3s.3p2 2S0
 10  3s2.3d 2D1
 11  3s2.3d 2D2
 12  3s2.4p 2P0
     100.0
     158.5
     251.2
     398.1
     631.0
    1000.0
    1584.9
    2511.9
    3981.1
    6309.6
   10000.0
   15848.9
   25118.9
   39810.7
   63095.7
  100000.0
  158489.3
  251188.6
  398107.2
  630957.3
 1000000.0
 1584893.2
 2511886.4
0
  1  2   6.50e+00
  0  0   6.50e+00
  0  0   6.49e+00
  0  0   6.47e+00
  0  0   6.45e+00
  0  0   6.41e+00
  0  0   6.36e+00
  0  0   6.30e+00
  0  0   6.23e+00
  0  0   6.15e+00
  0  0   6.09e+00
  0  0   6.02e+00
  0  0   5.89e+00
  0  0   5.58e+00
  0  0   5.05e+00
  0  0   4.36e+00
  0  0   3.67e+00
  0  0   3.09e+00
  0  0   2.67e+00
  0  0   2.37e+00
  0  0   2.17e+00
  0  0   2.04e+00
  0  0   1.95e+00
  1  3   5.98e-01
  0  0   5.98e-01
  0  0   5.97e-01
  0  0   5.96e-01
  0  0   5.95e-01
  0  0   5.93e-01
  0  0   5.90e-01
  0  0   5.85e-01
  0  0   5.76e-01
  0  0   5.62e-01
  0  0   5.45e-01
  0  0   5.27e-01
  0  0   5.09e-01
  0  0   4.85e-01
  0  0   4.50e-01
  0  0   4.03e-01
  0  0   3.46e-01
  0  0   2.90e-01
  0  0   2.42e-01
  0  0   2.06e-01
  0  0   1.80e-01
  0  0   1.62e-01
  0  0   1.50e-01
  1  4   8.41e-01
  0  0   8.41e-01
  0  0   8.42e-01
  0  0   8.42e-01
  0  0   8.43e-01
  0  0   8.44e-01
  0  0   8.44e-01
  0  0   8.41e-01
  0  0   8.35e-01
  0  0   8.21e-01
  0  0   8.01e-01
  0  0   7.84e-01
  0  0   7.67e-01
  0  0   7.38e-01
  0  0   6.90e-01
  0  0   6.18e-01
  0  0   5.30e-01
  0  0   4.42e-01
  0  0   3.67e-01
  0  0   3.09e-01
  0  0   2.68e-01
  0  0   2.39e-01
  0  0   2.20e-01
  1  5   5.63e-01
  0  0   5.64e-01
  0  0   5.65e-01
  0  0   5.67e-01
  0  0   5.69e-01
  0  0   5.73e-01
  0  0   5.78e-01
  0  0   5.82e-01
  0  0   5.86e-01
  0  0   5.86e-01
  0  0   5.83e-01
  0  0   5.83e-01
  0  0   5.80e-01
  0  0   5.61e-01
  0  0   5.19e-01
  0  0   4.58e-01
  0  0   3.87e-01
  0  0   3.18e-01
  0  0   2.59e-01
  0  0   2.14e-01
  0  0   1.82e-01
  0  0   1.60e-01
  0  0   1.46e-01
  1  6   2.52e+00
  0  0   2.53e+00
  0  0   2.54e+00
  0  0   2.56e+00
  0  0   2.58e+00
  0  0   2.61e+00
  0  0   2.65e+00
  0  0   2.70e+00
  0  0   2.76e+00
  0  0   2.78e+00
  0  0   2.74e+00
  0  0   2.61e+00
  0  0   2.37e+00
  0  0   2.06e+00
  0  0   1.73e+00
  0  0   1.43e+00
  0  0   1.17e+00
  0  0   9.67e-01
  0  0   8.19e-01
  0  0   7.16e-01
  0  0   6.46e-01
  0  0   5.98e-01
  0  0   5.66e-01
  1  7   2.56e+00
  0  0   2.57e+00
  0  0   2.58e+00
  0  0   2.60e+00
  0  0   2.63e+00
  0  0   2.68e+00
  0  0   2.74e+00
  0  0   2.82e+00
  0  0   2.91e+00
  0  0   2.97e+00
  0  0   2.98e+00
  0  0   2.89e+00
  0  0   2.69e+00
  0  0   2.39e+00
  0  0   2.05e+00
  0  0   1.72e+00
  0  0   1.41e+00
  0  0   1.14e+00
  0  0   9.32e-01
  0  0   7.79e-01
  0  0   6.73e-01
  0  0   6.01e-01
  0  0   5.54e-01
  1  8   7.00e-01
  0  0   7.08e-01
  0  0   7.20e-01
  0  0   7.39e-01
  0  0   7.66e-01
  0  0   8.06e-01
  0  0   8.61e-01
  0  0   9.28e-01
  0  0   1.00e+00
  0  0   1.05e+00
  0  0   1.06e+00
  0  0   1.02e+00
  0  0   9.41e-01
  0  0   8.78e-01
  0  0   8.70e-01
  0  0   9.45e-01
  0  0   1.12e+00
  0  0   1.41e+00
  0  0   1.80e+00
  0  0   2.29e+00
  0  0   2.85e+00
  0  0   3.48e+00
  0  0   4.16e+00
  1  9   1.06e+00
  0  0   1.06e+00
  0  0   1.06e+00
  0  0   1.06e+00
  0  0   1.06e+00
  0  0   1.05e+00
  0  0   1.05e+00
  0  0   1.04e+00
  0  0   1.03e+00
  0  0   1.01e+00
  0  0   9.88e-01
  0  0   9.83e-01
  0  0   9.97e-01
  0  0   1.03e+00
  0  0   1.09e+00
  0  0   1.19e+00
  0  0   1.34e+00
  0  0   1.54e+00
  0  0   1.79e+00
  0  0   2.10e+00
  0  0   2.45e+00
  0  0   2.85e+00
  0  0   3.27e+00
  1 10   3.80e+00
  0  0   3.79e+00
  0  0   3.77e+00
  0  0   3.75e+00
  0  0   3.71e+00
  0  0   3.66e+00
  0  0   3.60e+00
  0  0   3.52e+00
  0  0   3.45e+00
  0  0   3.42e+00
  0  0   3.46e+00
  0  0   3.61e+00
  0  0   3.89e+00
  0  0   4.40e+00
  0  0   5.28e+00
  0  0   6.65e+00
  0  0   8.64e+00
  0  0   1.13e+01
  0  0   1.45e+01
  0  0   1.83e+01
  0  0   2.26e+01
  0  0   2.73e+01
  0  0   3.24e+01
  1 11   1.62e+00
  0  0   1.61e+00
  0  0   1.59e+00
  0  0   1.56e+00
  0  0   1.52e+00
  0  0   1.46e+00
  0  0   1.37e+00
  0  0   1.27e+00
  0  0   1.17e+00
  0  0   1.07e+00
  0  0   9.93e-01
  0  0   9.26e-01
  0  0   8.56e-01
  0  0   7.86e-01
  0  0   7.20e-01
  0  0   6.55e-01
  0  0   5.89e-01
  0  0   5.29e-01
  0  0   4.80e-01
  0  0   4.44e-01
  0  0   4.19e-01
  0  0   4.02e-01
  0  0   3.91e-01
  1 12   5.22e-01
  0  0   5.22e-01
  0  0   5.23e-01
  0  0   5.24e-01
  0  0   5.26e-01
  0  0   5.29e-01
  0  0   5.32e-01
  0  0   5.36e-01
  0  0   5.39e-01
  0  0   5.39e-01
  0  0   5.35e-01
  0  0   5.24e-01
  0  0   5.11e-01
  0  0   5.06e-01
  0  0   5.23e-01
  0  0   5.65e-01
  0  0   6.26e-01
  0  0   6.94e-01
  0  0   7.54e-01
  0  0   8.02e-01
  0  0   8.37e-01
  0  0   8.60e-01
  0  0   8.76e-01
  2  3   5.39e-01
  0  0   5.38e-01
  0  0   5.35e-01
  0  0   5.32e-01
  0  0   5.26e-01
  0  0   5.19e-01
  0  0   5.08e-01
  0  0   4.94e-01
  0  0   4.78e-01
  0  0   4.62e-01
  0  0   4.49e-01
  0  0   4.40e-01
  0  0   4.30e-01
  0  0   4.12e-01
  0  0   3.78e-01
  0  0   3.32e-01
  0  0   2.81e-01
  0  0   2.32e-01
  0  0   1.92e-01
  0  0   1.62e-01
  0  0   1.40e-01
  0  0   1.26e-01
  0  0   1.16e-01
  2  4   1.23e+00
  0  0   1.23e+00
  0  0   1.22e+00
  0  0   1.22e+00
  0  0   1.22e+00
  0  0   1.21e+00
  0  0   1.21e+00
  0  0   1.20e+00
  0  0   1.18e+00
  0  0   1.17e+00
  0  0   1.15e+00
  0  0   1.13e+00
  0  0   1.11e+00
  0  0   1.07e+00
  0  0   9.85e-01
  0  0   8.69e-01
  0  0   7.38e-01
  0  0   6.01e-01
  0  0   4.86e-01
  0  0   4.07e-01
  0  0   3.56e-01
  0  0   3.25e-01
  0  0   3.05e-01
  2  5   2.41e+00
  0  0   2.41e+00
  0  0   2.41e+00
  0  0   2.42e+00
  0  0   2.42e+00
  0  0   2.43e+00
  0  0   2.43e+00
  0  0   2.43e+00
  0  0   2.41e+00
  0  0   2.36e+00
  0  0   2.30e+00
  0  0   2.25e+00
  0  0   2.19e+00
  0  0   2.10e+00
  0  0   1.95e+00
  0  0   1.74e+00
  0  0   1.48e+00
  0  0   1.24e+00
  0  0   1.03e+00
  0  0   8.67e-01
  0  0   7.52e-01
  0  0   6.74e-01
  0  0   6.22e-01
  2  6   3.64e+00
  0  0   3.65e+00
  0  0   3.67e+00
  0  0   3.69e+00
  0  0   3.74e+00
  0  0   3.80e+00
  0  0   3.88e+00
  0  0   3.98e+00
  0  0   4.09e+00
  0  0   4.16e+00
  0  0   4.15e+00
  0  0   4.01e+00
  0  0   3.71e+00
  0  0   3.29e+00
  0  0   2.82e+00
  0  0   2.35e+00
  0  0   1.93e+00
  0  0   1.58e+00
  0  0   1.30e+00
  0  0   1.08e+00
  0  0   9.12e-01
  0  0   7.82e-01
  0  0   6.79e-01
  2  7   7.03e+00
  0  0   7.04e+00
  0  0   7.06e+00
  0  0   7.09e+00
  0  0   7.13e+00
  0  0   7.19e+00
  0  0   7.27e+00
  0  0   7.36e+00
  0  0   7.45e+00
  0  0   7.49e+00
  0  0   7.38e+00
  0  0   7.04e+00
  0  0   6.44e+00
  0  0   5.63e+00
  0  0   4.75e+00
  0  0   3.92e+00
  0  0   3.21e+00
  0  0   2.63e+00
  0  0   2.20e+00
  0  0   1.90e+00
  0  0   1.68e+00
  0  0   1.53e+00
  0  0   1.41e+00
  2  8   1.42e+00
  0  0   1.43e+00
  0  0   1.45e+00
  0  0   1.49e+00
  0  0   1.54e+00
  0  0   1.62e+00
  0  0   1.73e+00
  0  0   1.86e+00
  0  0   2.00e+00
  0  0   2.12e+00
  0  0   2.14e+00
  0  0   2.05e+00
  0  0   1.89e+00
  0  0   1.77e+00
  0  0   1.75e+00
  0  0   1.90e+00
  0  0   2.25e+00
  0  0   2.82e+00
  0  0   3.60e+00
  0  0   4.57e+00
  0  0   5.69e+00
  0  0   6.94e+00
  0  0   8.29e+00
  2  9   2.49e+00
  0  0   2.49e+00
  0  0   2.48e+00
  0  0   2.47e+00
  0  0   2.44e+00
  0  0   2.41e+00
  0  0   2.36e+00
  0  0   2.29e+00
  0  0   2.19e+00
  0  0   2.07e+00
  0  0   1.96e+00
  0  0   1.90e+00
  0  0   1.88e+00
  0  0   1.92e+00
  0  0   2.01e+00
  0  0   2.18e+00
  0  0   2.43e+00
  0  0   2.77e+00
  0  0   3.21e+00
  0  0   3.75e+00
  0  0   4.37e+00
  0  0   5.05e+00
  0  0   5.79e+00
  2 10   2.19e+00
  0  0   2.18e+00
  0  0   2.17e+00
  0  0   2.15e+00
  0  0   2.11e+00
  0  0   2.06e+00
  0  0   2.00e+00
  0  0   1.91e+00
  0  0   1.83e+00
  0  0   1.76e+00
  0  0   1.73e+00
  0  0   1.71e+00
  0  0   1.70e+00
  0  0   1.73e+00
  0  0   1.83e+00
  0  0   2.02e+00
  0  0   2.31e+00
  0  0   2.73e+00
  0  0   3.27e+00
  0  0   3.94e+00
  0  0   4.73e+00
  0  0   5.61e+00
  0  0   6.55e+00
  2 11   7.46e+00
  0  0   7.44e+00
  0  0   7.41e+00
  0  0   7.37e+00
  0  0   7.30e+00
  0  0   7.21e+00
  0  0   7.09e+00
  0  0   6.94e+00
  0  0   6.81e+00
  0  0   6.74e+00
  0  0   6.82e+00
  0  0   7.07e+00
  0  0   7.55e+00
  0  0   8.42e+00
  0  0   9.94e+00
  0  0   1.24e+01
  0  0   1.59e+01
  0  0   2.05e+01
  0  0   2.62e+01
  0  0   3.29e+01
  0  0   4.06e+01
  0  0   4.91e+01
  0  0   5.81e+01
  2 12   5.12e-01
  0  0   5.13e-01
  0  0   5.15e-01
  0  0   5.17e-01
  0  0   5.21e-01
  0  0   5.26e-01
  0  0   5.33e-01
  0  0   5.39e-01
  0  0   5.44e-01
  0  0   5.45e-01
  0  0   5.40e-01
  0  0   5.21e-01
  0  0   4.90e-01
  0  0   4.57e-01
  0  0   4.29e-01
  0  0   4.06e-01
  0  0   3.86e-01
  0  0   3.70e-01
  0  0   3.58e-01
  0  0   3.49e-01
  0  0   3.42e-01
  0  0   3.38e-01
  0  0   3.35e-01
  3  4   3.85e+00
  0  0   3.85e+00
  0  0   3.84e+00
  0  0   3.83e+00
  0  0   3.81e+00
  0  0   3.79e+00
  0  0   3.76e+00
  0  0   3.71e+00
  0  0   3.66e+00
  0  0   3.61e+00
  0  0   3.54e+00
  0  0   3.44e+00
  0  0   3.31e+00
  0  0   3.14e+00
  0  0   2.89e+00
  0  0   2.56e+00
  0  0   2.19e+00
  0  0   1.84e+00
  0  0   1.55e+00
  0  0   1.33e+00
  0  0   1.17e+00
  0  0   1.06e+00
  0  0   9.92e-01
  3  5   2.38e+00
  0  0   2.39e+00
  0  0   2.41e+00
  0  0   2.42e+00
  0  0   2.45e+00
  0  0   2.49e+00
  0  0   2.54e+00
  0  0   2.60e+00
  0  0   2.64e+00
  0  0   2.64e+00
  0  0   2.59e+00
  0  0   2.49e+00
  0  0   2.35e+00
  0  0   2.20e+00
  0  0   2.07e+00
  0  0   1.99e+00
  0  0   1.96e+00
  0  0   1.97e+00
  0  0   1.99e+00
  0  0   2.01e+00
  0  0   2.03e+00
  0  0   2.04e+00
  0  0   2.05e+00
  3  6   1.23e+00
  0  0   1.23e+00
  0  0   1.23e+00
  0  0   1.24e+00
  0  0   1.24e+00
  0  0   1.25e+00
  0  0   1.26e+00
  0  0   1.27e+00
  0  0   1.27e+00
  0  0   1.25e+00
  0  0   1.20e+00
  0  0   1.12e+00
  0  0   1.03e+00
  0  0   9.25e-01
  0  0   8.09e-01
  0  0   6.84e-01
  0  0   5.56e-01
  0  0   4.38e-01
  0  0   3.42e-01
  0  0   2.68e-01
  0  0   2.17e-01
  0  0   1.81e-01
  0  0   1.58e-01
  3  7   6.54e-01
  0  0   6.57e-01
  0  0   6.62e-01
  0  0   6.68e-01
  0  0   6.78e-01
  0  0   6.92e-01
  0  0   7.10e-01
  0  0   7.29e-01
  0  0   7.45e-01
  0  0   7.46e-01
  0  0   7.26e-01
  0  0   6.87e-01
  0  0   6.34e-01
  0  0   5.72e-01
  0  0   5.04e-01
  0  0   4.31e-01
  0  0   3.57e-01
  0  0   2.89e-01
  0  0   2.33e-01
  0  0   1.92e-01
  0  0   1.62e-01
  0  0   1.42e-01
  0  0   1.29e-01
  3  8   6.67e-02
  0  0   6.77e-02
  0  0   6.92e-02
  0  0   7.14e-02
  0  0   7.46e-02
  0  0   7.88e-02
  0  0   8.36e-02
  0  0   8.78e-02
  0  0   8.88e-02
  0  0   8.39e-02
  0  0   7.34e-02
  0  0   6.00e-02
  0  0   4.64e-02
  0  0   3.46e-02
  0  0   2.56e-02
  0  0   1.93e-02
  0  0   1.46e-02
  0  0   1.10e-02
  0  0   8.42e-03
  0  0   6.57e-03
  0  0   5.32e-03
  0  0   4.48e-03
  0  0   3.94e-03
  3  9   2.89e-01
  0  0   2.90e-01
  0  0   2.93e-01
  0  0   2.97e-01
  0  0   3.03e-01
  0  0   3.12e-01
  0  0   3.24e-01
  0  0   3.38e-01
  0  0   3.51e-01
  0  0   3.60e-01
  0  0   3.59e-01
  0  0   3.49e-01
  0  0   3.29e-01
  0  0   2.96e-01
  0  0   2.55e-01
  0  0   2.09e-01
  0  0   1.63e-01
  0  0   1.24e-01
  0  0   9.22e-02
  0  0   6.92e-02
  0  0   5.32e-02
  0  0   4.24e-02
  0  0   3.54e-02
  3 10   5.52e-01
  0  0   5.50e-01
  0  0   5.48e-01
  0  0   5.44e-01
  0  0   5.38e-01
  0  0   5.30e-01
  0  0   5.18e-01
  0  0   5.01e-01
  0  0   4.79e-01
  0  0   4.52e-01
  0  0   4.21e-01
  0  0   3.85e-01
  0  0   3.46e-01
  0  0   3.04e-01
  0  0   2.63e-01
  0  0   2.23e-01
  0  0   1.82e-01
  0  0   1.45e-01
  0  0   1.15e-01
  0  0   9.23e-02
  0  0   7.62e-02
  0  0   6.53e-02
  0  0   5.80e-02
  3 11   3.34e-01
  0  0   3.33e-01
  0  0   3.32e-01
  0  0   3.30e-01
  0  0   3.27e-01
  0  0   3.23e-01
  0  0   3.16e-01
  0  0   3.07e-01
  0  0   2.95e-01
  0  0   2.79e-01
  0  0   2.62e-01
  0  0   2.44e-01
  0  0   2.25e-01
  0  0   2.04e-01
  0  0   1.83e-01
  0  0   1.62e-01
  0  0   1.36e-01
  0  0   1.10e-01
  0  0   8.72e-02
  0  0   6.93e-02
  0  0   5.63e-02
  0  0   4.74e-02
  0  0   4.14e-02
  3 12   9.19e-02
  0  0   9.16e-02
  0  0   9.11e-02
  0  0   9.04e-02
  0  0   8.92e-02
  0  0   8.75e-02
  0  0   8.49e-02
  0  0   8.13e-02
  0  0   7.64e-02
  0  0   7.02e-02
  0  0   6.32e-02
  0  0   5.60e-02
  0  0   4.92e-02
  0  0   4.32e-02
  0  0   3.80e-02
  0  0   3.30e-02
  0  0   2.72e-02
  0  0   2.14e-02
  0  0   1.63e-02
  0  0   1.23e-02
  0  0   9.33e-03
  0  0   7.31e-03
  0  0   5.97e-03
  4  5   7.03e+00
  0  0   7.03e+00
  0  0   7.05e+00
  0  0   7.06e+00
  0  0   7.08e+00
  0  0   7.12e+00
  0  0   7.16e+00
  0  0   7.21e+00
  0  0   7.24e+00
  0  0   7.23e+00
  0  0   7.12e+00
  0  0   6.91e+00
  0  0   6.62e+00
  0  0   6.25e+00
  0  0   5.82e+00
  0  0   5.36e+00
  0  0   4.91e+00
  0  0   4.52e+00
  0  0   4.22e+00
  0  0   4.00e+00
  0  0   3.85e+00
  0  0   3.75e+00
  0  0   3.68e+00
  4  6   1.66e+00
  0  0   1.67e+00
  0  0   1.67e+00
  0  0   1.69e+00
  0  0   1.71e+00
  0  0   1.74e+00
  0  0   1.77e+00
  0  0   1.81e+00
  0  0   1.84e+00
  0  0   1.83e+00
  0  0   1.77e+00
  0  0   1.68e+00
  0  0   1.57e+00
  0  0   1.43e+00
  0  0   1.26e+00
  0  0   1.08e+00
  0  0   8.81e-01
  0  0   7.03e-01
  0  0   5.58e-01
  0  0   4.50e-01
  0  0   3.74e-01
  0  0   3.23e-01
  0  0   2.89e-01
  4  7   1.62e+00
  0  0   1.63e+00
  0  0   1.63e+00
  0  0   1.64e+00
  0  0   1.65e+00
  0  0   1.66e+00
  0  0   1.68e+00
  0  0   1.70e+00
  0  0   1.71e+00
  0  0   1.69e+00
  0  0   1.66e+00
  0  0   1.61e+00
  0  0   1.53e+00
  0  0   1.42e+00
  0  0   1.27e+00
  0  0   1.10e+00
  0  0   9.20e-01
  0  0   7.46e-01
  0  0   6.00e-01
  0  0   4.89e-01
  0  0   4.10e-01
  0  0   3.57e-01
  0  0   3.21e-01
  4  8   4.79e-02
  0  0   4.92e-02
  0  0   5.13e-02
  0  0   5.43e-02
  0  0   5.87e-02
  0  0   6.50e-02
  0  0   7.31e-02
  0  0   8.23e-02
  0  0   9.02e-02
  0  0   9.32e-02
  0  0   8.90e-02
  0  0   7.82e-02
  0  0   6.42e-02
  0  0   5.03e-02
  0  0   3.80e-02
  0  0   2.81e-02
  0  0   2.03e-02
  0  0   1.44e-02
  0  0   1.01e-02
  0  0   7.01e-03
  0  0   4.95e-03
  0  0   3.58e-03
  0  0   2.70e-03
  4  9   6.27e-01
  0  0   6.31e-01
  0  0   6.37e-01
  0  0   6.46e-01
  0  0   6.60e-01
  0  0   6.78e-01
  0  0   7.02e-01
  0  0   7.29e-01
  0  0   7.53e-01
  0  0   7.63e-01
  0  0   7.54e-01
  0  0   7.22e-01
  0  0   6.68e-01
  0  0   5.89e-01
  0  0   4.92e-01
  0  0   3.88e-01
  0  0   2.93e-01
  0  0   2.16e-01
  0  0   1.59e-01
  0  0   1.19e-01
  0  0   9.19e-02
  0  0   7.40e-02
  0  0   6.24e-02
  4 10   8.28e-01
  0  0   8.26e-01
  0  0   8.23e-01
  0  0   8.18e-01
  0  0   8.11e-01
  0  0   8.00e-01
  0  0   7.84e-01
  0  0   7.61e-01
  0  0   7.31e-01
  0  0   6.92e-01
  0  0   6.46e-01
  0  0   5.93e-01
  0  0   5.32e-01
  0  0   4.70e-01
  0  0   4.10e-01
  0  0   3.51e-01
  0  0   2.90e-01
  0  0   2.34e-01
  0  0   1.85e-01
  0  0   1.48e-01
  0  0   1.22e-01
  0  0   1.03e-01
  0  0   9.10e-02
  4 11   8.50e-01
  0  0   8.49e-01
  0  0   8.47e-01
  0  0   8.45e-01
  0  0   8.41e-01
  0  0   8.35e-01
  0  0   8.26e-01
  0  0   8.10e-01
  0  0   7.85e-01
  0  0   7.50e-01
  0  0   7.08e-01
  0  0   6.59e-01
  0  0   6.02e-01
  0  0   5.42e-01
  0  0   4.81e-01
  0  0   4.16e-01
  0  0   3.48e-01
  0  0   2.85e-01
  0  0   2.32e-01
  0  0   1.92e-01
  0  0   1.64e-01
  0  0   1.45e-01
  0  0   1.32e-01
  4 12   1.50e-01
  0  0   1.50e-01
  0  0   1.49e-01
  0  0   1.48e-01
  0  0   1.47e-01
  0  0   1.44e-01
  0  0   1.40e-01
  0  0   1.35e-01
  0  0   1.27e-01
  0  0   1.17e-01
  0  0   1.05e-01
  0  0   9.29e-02
  0  0   8.01e-02
  0  0   6.81e-02
  0  0   5.76e-02
  0  0   4.79e-02
  0  0   3.86e-02
  0  0   3.01e-02
  0  0   2.32e-02
  0  0   1.79e-02
  0  0   1.41e-02
  0  0   1.15e-02
  0  0   9.84e-03
  5  6   1.06e+00
  0  0   1.07e+00
  0  0   1.09e+00
  0  0   1.13e+00
  0  0   1.17e+00
  0  0   1.23e+00
  0  0   1.31e+00
  0  0   1.40e+00
  0  0   1.47e+00
  0  0   1.51e+00
  0  0   1.49e+00
  0  0   1.43e+00
  0  0   1.34e+00
  0  0   1.23e+00
  0  0   1.09e+00
  0  0   9.38e-01
  0  0   7.82e-01
  0  0   6.37e-01
  0  0   5.19e-01
  0  0   4.31e-01
  0  0   3.69e-01
  0  0   3.27e-01
  0  0   2.99e-01
  5  7   4.03e+00
  0  0   4.03e+00
  0  0   4.04e+00
  0  0   4.05e+00
  0  0   4.07e+00
  0  0   4.09e+00
  0  0   4.12e+00
  0  0   4.13e+00
  0  0   4.11e+00
  0  0   4.03e+00
  0  0   3.86e+00
  0  0   3.65e+00
  0  0   3.40e+00
  0  0   3.10e+00
  0  0   2.75e+00
  0  0   2.35e+00
  0  0   1.93e+00
  0  0   1.54e+00
  0  0   1.23e+00
  0  0   9.84e-01
  0  0   8.13e-01
  0  0   6.97e-01
  0  0   6.20e-01
  5  8   1.16e-01
  0  0   1.18e-01
  0  0   1.22e-01
  0  0   1.27e-01
  0  0   1.35e-01
  0  0   1.46e-01
  0  0   1.60e-01
  0  0   1.74e-01
  0  0   1.83e-01
  0  0   1.82e-01
  0  0   1.67e-01
  0  0   1.42e-01
  0  0   1.14e-01
  0  0   8.65e-02
  0  0   6.35e-02
  0  0   4.59e-02
  0  0   3.26e-02
  0  0   2.30e-02
  0  0   1.62e-02
  0  0   1.15e-02
  0  0   8.42e-03
  0  0   6.40e-03
  0  0   5.09e-03
  5  9   8.27e-01
  0  0   8.31e-01
  0  0   8.36e-01
  0  0   8.45e-01
  0  0   8.57e-01
  0  0   8.75e-01
  0  0   8.98e-01
  0  0   9.25e-01
  0  0   9.49e-01
  0  0   9.60e-01
  0  0   9.50e-01
  0  0   9.14e-01
  0  0   8.51e-01
  0  0   7.60e-01
  0  0   6.47e-01
  0  0   5.23e-01
  0  0   4.04e-01
  0  0   3.04e-01
  0  0   2.26e-01
  0  0   1.70e-01
  0  0   1.32e-01
  0  0   1.07e-01
  0  0   8.98e-02
  5 10   6.61e-01
  0  0   6.60e-01
  0  0   6.58e-01
  0  0   6.55e-01
  0  0   6.51e-01
  0  0   6.45e-01
  0  0   6.35e-01
  0  0   6.21e-01
  0  0   6.03e-01
  0  0   5.79e-01
  0  0   5.52e-01
  0  0   5.21e-01
  0  0   4.83e-01
  0  0   4.39e-01
  0  0   3.93e-01
  0  0   3.44e-01
  0  0   2.89e-01
  0  0   2.31e-01
  0  0   1.82e-01
  0  0   1.43e-01
  0  0   1.15e-01
  0  0   9.53e-02
  0  0   8.23e-02
  5 11   1.57e+00
  0  0   1.57e+00
  0  0   1.57e+00
  0  0   1.57e+00
  0  0   1.58e+00
  0  0   1.58e+00
  0  0   1.59e+00
  0  0   1.59e+00
  0  0   1.57e+00
  0  0   1.53e+00
  0  0   1.45e+00
  0  0   1.35e+00
  0  0   1.23e+00
  0  0   1.10e+00
  0  0   9.59e-01
  0  0   8.15e-01
  0  0   6.74e-01
  0  0   5.45e-01
  0  0   4.39e-01
  0  0   3.58e-01
  0  0   3.01e-01
  0  0   2.63e-01
  0  0   2.37e-01
  5 12   1.51e-01
  0  0   1.50e-01
  0  0   1.49e-01
  0  0   1.47e-01
  0  0   1.44e-01
  0  0   1.40e-01
  0  0   1.34e-01
  0  0   1.26e-01
  0  0   1.17e-01
  0  0   1.08e-01
  0  0   9.82e-02
  0  0   8.79e-02
  0  0   7.69e-02
  0  0   6.60e-02
  0  0   5.59e-02
  0  0   4.62e-02
  0  0   3.68e-02
  0  0   2.84e-02
  0  0   2.17e-02
  0  0   1.67e-02
  0  0   1.32e-02
  0  0   1.08e-02
  0  0   9.27e-03
  6  7   7.08e+00
  0  0   7.08e+00
  0  0   7.08e+00
  0  0   7.09e+00
  0  0   7.10e+00
  0  0   7.10e+00
  0  0   7.11e+00
  0  0   7.09e+00
  0  0   7.02e+00
  0  0   6.86e+00
  0  0   6.55e+00
  0  0   6.10e+00
  0  0   5.54e+00
  0  0   4.92e+00
  0  0   4.34e+00
  0  0   3.82e+00
  0  0   3.38e+00
  0  0   3.01e+00
  0  0   2.71e+00
  0  0   2.49e+00
  0  0   2.33e+00
  0  0   2.22e+00
  0  0   2.14e+00
  6  8   7.99e-01
  0  0   8.11e-01
  0  0   8.28e-01
  0  0   8.55e-01
  0  0   8.95e-01
  0  0   9.54e-01
  0  0   1.04e+00
  0  0   1.14e+00
  0  0   1.25e+00
  0  0   1.34e+00
  0  0   1.35e+00
  0  0   1.26e+00
  0  0   1.10e+00
  0  0   9.44e-01
  0  0   8.16e-01
  0  0   7.32e-01
  0  0   6.91e-01
  0  0   6.73e-01
  0  0   6.66e-01
  0  0   6.63e-01
  0  0   6.62e-01
  0  0   6.61e-01
  0  0   6.61e-01
  6  9   1.94e+00
  0  0   1.93e+00
  0  0   1.93e+00
  0  0   1.91e+00
  0  0   1.89e+00
  0  0   1.86e+00
  0  0   1.81e+00
  0  0   1.76e+00
  0  0   1.69e+00
  0  0   1.62e+00
  0  0   1.57e+00
  0  0   1.53e+00
  0  0   1.49e+00
  0  0   1.47e+00
  0  0   1.48e+00
  0  0   1.53e+00
  0  0   1.62e+00
  0  0   1.73e+00
  0  0   1.82e+00
  0  0   1.90e+00
  0  0   1.95e+00
  0  0   1.99e+00
  0  0   2.02e+00
  6 10   3.87e+00
  0  0   3.86e+00
  0  0   3.85e+00
  0  0   3.83e+00
  0  0   3.81e+00
  0  0   3.77e+00
  0  0   3.72e+00
  0  0   3.65e+00
  0  0   3.59e+00
  0  0   3.55e+00
  0  0   3.55e+00
  0  0   3.57e+00
  0  0   3.57e+00
  0  0   3.53e+00
  0  0   3.41e+00
  0  0   3.21e+00
  0  0   2.94e+00
  0  0   2.66e+00
  0  0   2.42e+00
  0  0   2.23e+00
  0  0   2.09e+00
  0  0   2.00e+00
  0  0   1.94e+00
  6 11   3.04e+00
  0  0   3.02e+00
  0  0   3.00e+00
  0  0   2.96e+00
  0  0   2.91e+00
  0  0   2.84e+00
  0  0   2.74e+00
  0  0   2.60e+00
  0  0   2.45e+00
  0  0   2.31e+00
  0  0   2.20e+00
  0  0   2.08e+00
  0  0   1.93e+00
  0  0   1.76e+00
  0  0   1.56e+00
  0  0   1.34e+00
  0  0   1.13e+00
  0  0   9.42e-01
  0  0   7.90e-01
  0  0   6.79e-01
  0  0   6.02e-01
  0  0   5.50e-01
  0  0   5.15e-01
  6 12   1.37e+00
  0  0   1.38e+00
  0  0   1.38e+00
  0  0   1.39e+00
  0  0   1.41e+00
  0  0   1.43e+00
  0  0   1.46e+00
  0  0   1.51e+00
  0  0   1.57e+00
  0  0   1.64e+00
  0  0   1.74e+00
  0  0   1.87e+00
  0  0   2.05e+00
  0  0   2.32e+00
  0  0   2.74e+00
  0  0   3.33e+00
  0  0   4.05e+00
  0  0   4.87e+00
  0  0   5.79e+00
  0  0   6.83e+00
  0  0   7.97e+00
  0  0   9.20e+00
  0  0   1.05e+01
  7  8   1.44e+00
  0  0   1.44e+00
  0  0   1.45e+00
  0  0   1.47e+00
  0  0   1.50e+00
  0  0   1.55e+00
  0  0   1.63e+00
  0  0   1.75e+00
  0  0   1.90e+00
  0  0   2.02e+00
  0  0   2.02e+00
  0  0   1.88e+00
  0  0   1.64e+00
  0  0   1.40e+00
  0  0   1.21e+00
  0  0   1.09e+00
  0  0   1.02e+00
  0  0   9.89e-01
  0  0   9.71e-01
  0  0   9.63e-01
  0  0   9.59e-01
  0  0   9.57e-01
  0  0   9.56e-01
  7  9   2.46e+00
  0  0   2.45e+00
  0  0   2.44e+00
  0  0   2.43e+00
  0  0   2.40e+00
  0  0   2.37e+00
  0  0   2.32e+00
  0  0   2.26e+00
  0  0   2.17e+00
  0  0   2.08e+00
  0  0   2.00e+00
  0  0   1.95e+00
  0  0   1.92e+00
  0  0   1.93e+00
  0  0   1.99e+00
  0  0   2.12e+00
  0  0   2.31e+00
  0  0   2.50e+00
  0  0   2.66e+00
  0  0   2.78e+00
  0  0   2.86e+00
  0  0   2.92e+00
  0  0   2.95e+00
  7 10   2.64e+00
  0  0   2.63e+00
  0  0   2.62e+00
  0  0   2.59e+00
  0  0   2.56e+00
  0  0   2.51e+00
  0  0   2.44e+00
  0  0   2.35e+00
  0  0   2.25e+00
  0  0   2.16e+00
  0  0   2.08e+00
  0  0   1.98e+00
  0  0   1.84e+00
  0  0   1.68e+00
  0  0   1.51e+00
  0  0   1.31e+00
  0  0   1.10e+00
  0  0   9.10e-01
  0  0   7.48e-01
  0  0   6.25e-01
  0  0   5.37e-01
  0  0   4.77e-01
  0  0   4.37e-01
  7 11   8.59e+00
  0  0   8.55e+00
  0  0   8.49e+00
  0  0   8.40e+00
  0  0   8.26e+00
  0  0   8.07e+00
  0  0   7.80e+00
  0  0   7.47e+00
  0  0   7.11e+00
  0  0   6.80e+00
  0  0   6.60e+00
  0  0   6.49e+00
  0  0   6.36e+00
  0  0   6.18e+00
  0  0   5.90e+00
  0  0   5.50e+00
  0  0   5.00e+00
  0  0   4.50e+00
  0  0   4.08e+00
  0  0   3.75e+00
  0  0   3.51e+00
  0  0   3.36e+00
  0  0   3.25e+00
  7 12   4.65e-01
  0  0   4.66e-01
  0  0   4.67e-01
  0  0   4.69e-01
  0  0   4.72e-01
  0  0   4.76e-01
  0  0   4.82e-01
  0  0   4.90e-01
  0  0   5.00e-01
  0  0   5.07e-01
  0  0   5.08e-01
  0  0   4.94e-01
  0  0   4.65e-01
  0  0   4.28e-01
  0  0   3.91e-01
  0  0   3.56e-01
  0  0   3.24e-01
  0  0   2.95e-01
  0  0   2.72e-01
  0  0   2.55e-01
  0  0   2.43e-01
  0  0   2.35e-01
  0  0   2.30e-01
 0 0 0
  1  2   2.170e-04
  1  3   3.956e+03
  1  4   2.200e+01
  1  5   0.000e+00
  1  6   2.551e+06
  1  7   0.000e+00
  1  8   3.815e+08
  1  9   3.611e+08
  1 10   2.477e+09
  1 11   0.000e+00
  1 12   0.000e+00
  2  3   3.315e+03
  2  4   1.014e+03
  2  5   1.827e+03
  2  6   3.433e+05
  2  7   2.654e+06
  2  8   7.544e+08
  2  9   6.296e+08
  2 10   4.627e+08
  2 11   2.919e+09
  2 12   0.000e+00
  3  4   0.000e+00
  3  5   0.000e+00
  3  6   0.000e+00
  3  7   0.000e+00
  3  8   0.000e+00
  3  9   0.000e+00
  3 10   0.000e+00
  3 11   0.000e+00
  3 12   0.000e+00
  4  5   0.000e+00
  4  6   0.000e+00
  4  7   0.000e+00
  4  8   0.000e+00
  4  9   0.000e+00
  4 10   0.000e+00
  4 11   0.000e+00
  4 12   0.000e+00
  5  6   0.000e+00
  5  7   0.000e+00
  5  8   0.000e+00
  5  9   0.000e+00
  5 10   0.000e+00
  5 11   0.000e+00
  5 12   0.000e+00
  6  7   0.000e+00
  6  8   0.000e+00
  6  9   0.000e+00
  6 10   0.000e+00
  6 11   0.000e+00
  6 12   4.307e+07
  7  8   0.000e+00
  7  9   0.000e+00
  7 10   0.000e+00
  7 11   0.000e+00
  7 12   0.000e+00
  8  9   0.000e+00
  8 10   0.000e+00
  8 11   0.000e+00
  8 12   6.191e+07
  9 10   0.000e+00
  9 11   0.000e+00
  9 12   1.558e+04
 10 11   0.000e+00
 10 12   7.694e+04
 11 12   0.000e+00
  1  2        0.0
  2  4      287.2
  3  2    42824.3
  4  4    42932.6
  5  6    43107.9
  6  4    55309.3
  7  6    55325.2
  8  2    65500.5
  9  2    76665.4
 10  4    79338.5
 11  6    79355.0
 12  2    81191.3
