3727.00 29.2678 0.722075
3797.89 3.02575 0.629875
3835.38 5.91906 0.631494
3868.75 53.1126 0.6961
3970.07 28.4842 0.676527
4101.73 24.496 1.43856
4340.46 42.1118 1.4312
4363.21 12.855 1.42826
4471.5  1.77  0.32
4685.68 72.5239 0.686019
4711.37 13.2156 0.633113
4740.17 8.64606 0.620751
4861.32 100 0.8234
4958.91 212.877 1.48639
5006.84 592.936 1.7351
6312.10 2.62693 0.336939
6562.80 394.996 1.64533
6583.50 6.55188 1.42678
6716.44 18.9551 1.66446
6730.82 11.2936 1.67623
7005.40 3.43341 1.30537
7135.80 11.1641 1.39809
9014.91 5.85725 0.767476
9068.60 16.1001 0.774099
9530.60 22.2664 1.33554
