3727.0	[O ii]	60.72	6.98	62.05	7.13	 	 	 	 	22.43	6.32	42.23	11.91
4101.7	Hδ	23.93	4.04	24.30	4.11	22.63	2.12	34.28	3.22	17.36	0.86	27.17	1.35
4340.5	Hγ	48.52	4.03	49.05	4.07	28.86	2.12	38.56	2.84	35.20	0.87	48.12	1.19
4471.5	He i	 	 	 	 	 	 	6.00	0.85	7.60	1.08	 	 
4861.3	Hβ	100.00	4.20	100.00	4.20	100.00	2.52	100.00	2.52	100.00	1.03	100.00	1.03
4958.9	[O iii]	109.15	4.27	108.93	4.26	7.17	2.18	6.79	2.06	 	 	 	 
5006.8	[O iii]	226.13	4.84	225.45	4.82	7.67	2.12	7.07	1.95	8.82	0.86	8.08	0.79
6548.1	[N ii]	108.59	7.83	30.40	2.19	288.38	14.40	48.57	2.42	144.02	5.77	65.73	2.63
6562.8	Hα	1026.07	9.40	284.87	2.61	1711.12	16.04	284.82	2.67	631.23	6.23	286.59	2.83
6583.5	[N ii]	438.50	4.91	120.32	1.34	1140.75	12.77	186.78	2.09	543.30	5.04	244.89	2.27
6678.2	He i	43.01	4.69	11.19	1.22	55.69	12.10	8.46	1.84	17.91	4.67	7.81	2.03
6716.4	[S ii]	16.99	6.30	4.32	1.60	 	 	 	 	13.82	5.51	5.95	2.37
6730.8	[S ii]	11.27	6.13	2.84	1.55	 	 	 	 	9.92	5.47	4.25	2.34
7135.8	[Ar iii]	47.69	4.63	9.76	0.94	43.66	10.92	4.74	1.18	13.58	4.75	5.11	1.78
9068.6	[S iii]	65.30	6.31	6.28	0.60	 	 	 	 	19.45	1.71	4.60	0.40
9530.6	[S iii]	84.69	9.40	7.14	0.79	 	 	 	 	41.63	2.56	9.07	0.55
