3047.12 1.384
3121.71 0.203
3132.79 6.671
3185.12 0.019
3187.74 0.948
3203.10 1.539
3218.19 0.145
3241.62 0.129
3299.36 0.354
3312.30 0.907
3334.84 0.245
3340.74 1.402
3355.02 0.157
3388.42 0.045
3405.74 0.053
3417.69 0.101
3428.65 0.494
3444.07 2.892
3447.59 0.048
3465.94 0.029
3471.83 0.033
3478.97 0.046
3487.73 0.032
3498.66 0.061
3512.52 0.072
3530.50 0.088
3554.42 0.118
3568.50 0.104
3587.28 0.163
3613.64 0.151
3634.25 0.245
3671.48 0.212
3673.74 0.219
3676.36 0.255
3679.36 0.281
3682.81 0.311
3686.83 0.344
3691.56 0.425
3694.21 0.205
3697.15 0.466
3703.86 0.818
3705.02 0.198
3707.25 0.085
3709.62 0.070
3711.97 0.907
3715.08 0.092
3721.94 1.496
3726.03 8.817
3728.82 4.730
3734.37 1.051
3750.15 1.524
3754.69 0.205
3757.24 0.115
3759.87 0.675
3770.63 1.781
3774.02 0.048
3777.14 0.021
3791.27 0.053
3797.90 2.442
3805.74 0.043
3813.50 0.056
3819.62 0.744
3835.39 3.818
3856.13 0.091
3858.07 0.054
3862.60 0.142
3868.75 48.38
3882.19 0.101
3889.05 10.69
3907.46 0.019
3918.98 0.025
3920.69 0.031
3923.48 0.050
3926.54 0.073
3967.46 15.44
3970.07 8.654
3994.99 0.047
3998.63 0.034
4003.58 0.041
4009.26 0.138
4026.21 1.694
4035.08 0.070
4041.31 0.160
4043.53 0.056
4048.21 0.035
4062.94 0.052
4068.60 0.724
4069.62 0.537
4069.89 0.235
4071.23 0.047
4072.16 0.596
4075.86 0.730
4076.35 0.244
4078.84 0.100
4083.90 0.123
4085.11 0.109
4087.15 0.122
4089.29 0.338
4092.93 0.076
4097.33 1.554
4101.74 15.14
4110.78 0.042
4119.22 0.221
4120.28 0.020
4120.54 0.048
4120.84 0.080
4121.46 0.070
4129.32 0.018
4132.80 0.102
4143.76 0.249
4153.30 0.169
4156.53 0.062
4169.22 0.057
4176.16 0.046
4179.67 0.030
4185.45 0.052
4186.90 0.042
4189.79 0.062
4195.76 0.038
4199.83 0.127
4200.10 0.068
4219.74 0.073
4227.74 0.064
4231.64 0.027
4233.85 0.024
4236.91 0.045
4237.05 0.067
4241.24 0.011
4241.78 0.131
4254.00 0.026
4267.15 1.631
4273.10 0.020
4275.55 0.210
4275.99 0.040
4276.28 0.029
4276.75 0.077
4277.43 0.038
4277.89 0.038
4281.32 0.016
4282.96 0.048
4283.73 0.075
4285.69 0.082
4288.82 0.035
4291.25 0.055
4292.16 0.02
4292.21 0.031
4294.78 0.100
4303.82 0.206
4307.23 0.045
4312.11 0.012
4313.44 0.060
4315.40 0.058
4317.14 0.135
4317.70 0.015
4319.63 0.092
4325.76 0.019
4331.13 0.047
4332.71 0.047
4334.19 0.036
4340.47 31.84
4345.56 0.176
4349.43 0.266
4353.59 0.037
4357.25 0.024
4363.21 2.852
4366.89 0.158
4369.86 0.039
4371.62 0.046
4379.11 0.486
4386.01 0.043
4387.93 0.462
4391.99 0.098
4397.99 0.024
4409.30 0.095
4413.22 0.048
4414.90 0.133
4416.97 0.101
4428.64 0.075
4430.94 0.043
4431.82 0.011
4432.74 0.064
4433.48 0.015
4437.55 0.049
4442.02 0.015
4448.19 0.037
4452.37 0.032
4457.05 0.036
4466.42 0.070
4471.50 4.640
4477.90 0.046
4481.21 0.033
4487.72 0.012
4488.20 0.024
4489.49 0.035
4491.07 0.03
4491.23 0.073
4510.91 0.204
4514.86 0.049
4518.15 0.051
4523.58 0.055
4530.41 0.096
4534.58 0.079
4541.59 0.359
4552.53 0.080
4562.60 0.044
4571.10 0.131
4590.97 0.115
4596.18 0.096
4601.48 0.045
4602.13 0.086
4607.16 0.060
4609.44 0.196
4610.20 0.078
4613.87 0.036
4621.39 0.050
4630.54 0.168
4634.14 1.084
4638.86 0.530
4640.64 2.212
4641.81 0.745
4641.84 0.217
4643.08 0.104
4647.42 0.244
4649.13 1.271
4650.25 0.146
4650.84 0.302
4651.47 0.049
4658.10 0.076
4661.63 0.379
4669.27 0.021
4673.73 0.079
4676.24 0.304
4678.14 0.046
4685.68 12.23
4696.35 0.033
4699.22 0.042
4701.62 0.031
4705.35 0.036
4711.37 2.245
4713.17 0.603
4724.15 0.028
4725.62 0.021
4740.17 2.261
4772.93 0.031
4788.13 0.047
4802.23 0.05
4803.29 0.112
4815.55 0.032
4861.33 100.0
4881.11 0.027
4890.86 0.037
4906.83 0.098
4921.93 1.682
4924.53 0.192
4931.80 0.125
4941.07 0.010
4943.00 0.042
4958.91 316.7
5006.84 953.1
5041.03 0.299
5047.74 0.176
5055.98 0.120
5191.82 0.120
5199.84 0.336
5342.38 0.163
5411.52 1.462
5453.83 0.084
5517.66 0.868
5537.60 1.085
5577.34 0.055
5592.37 0.081
5666.63 0.405
5676.02 0.205
5679.56 0.924
5686.21 0.148
5710.77 0.171
5754.60 1.771
5801.51 0.082
5812.14 0.039
5875.66 35.13
5890.34 0.094
5913.26 0.046
5927.81 0.065
5931.78 0.096
5940.24 0.067
5941.65 0.181
5952.94 0.055
5977.03 0.079
6004.73 0.076
6024.40 0.042
6074.10 0.121
6101.83 0.206
6118.20 0.155
6151.43 0.220
6157.60 0.079
6166.00 0.090
6170.60 0.127
6219.10 0.085
6233.80 0.155
6258.78 0.082
6300.34 2.954
6312.10 3.180
6347.10 0.284
6363.78 1.004
6371.38 0.395
6393.60 0.112
6406.30 0.170
6461.95 0.603
6482.05 0.113
6527.11 0.118
6548.10 48.55
6562.77 740.0
6583.50 148.0
6678.16 12.74
6716.44 10.36
6730.82 16.87
6795.00 0.074
7065.25 13.71
7135.80 55.57
7160.56 0.195
7170.62 0.240
7177.50 0.528
7231.32 1.280
7236.42 2.985
7262.76 0.153
7281.35 1.955
7298.04 0.131
7318.92 6.722
7329.67 5.397
