1 	3 	242 	20 	0.0 	0.0 	25 	2 	0.00 	0.00 	44 	3 	0.0 	0.0 	20 	1 	71 	4 	0.00 	0.00 	0.00 	0.00 	11.0 	1.0 	2.7 	0.5 	0.00 	0.00 	28 	3 	287 	27 	85 	8 	3.6 	0.6 	27 	3 	20 	2 	6.6 	0.9 	2.4 	0.8 	30 	6
2 	4 	193 	13 	0.0 	0.0 	0 	0 	0.00 	0.00 	46 	3 	0.0 	0.0 	25 	3 	67 	5 	0.00 	0.00 	0.00 	0.00 	11.2 	1.4 	3.2 	1.0 	0.00 	0.00 	32 	3 	285 	20 	93 	7 	3.2 	1.0 	41 	3 	34 	3 	4.0 	1.0 	0.0 	0.0 	16 	3
3 	5 	169 	11 	0.0 	0.0 	25 	1 	2.43 	0.40 	46 	2 	0.0 	0.0 	9 	1 	25 	1 	2.32 	0.24 	0.45 	0.18 	9.4 	0.6 	2.4 	0.2 	0.32 	0.11 	34 	2 	286 	20 	101 	7 	2.2 	0.2 	38 	3 	28 	2 	2.3 	0.2 	1.6 	0.2 	16 	3
4 	6 	164 	11 	0.0 	0.0 	25 	2 	0.00 	0.00 	46 	3 	0.0 	0.0 	12 	2 	32 	3 	0.00 	0.00 	0.00 	0.00 	10.4 	0.9 	2.5 	0.5 	0.00 	0.00 	31 	2 	287 	20 	91 	7 	1.9 	0.4 	39 	3 	28 	2 	1.6 	0.4 	0.0 	0.0 	13 	3
5 	7 	320 	21 	0.0 	0.0 	25 	2 	0.00 	0.00 	46 	3 	0.0 	0.0 	45 	3 	134 	8 	0.00 	0.00 	0.00 	0.00 	10.7 	1.5 	8.7 	1.0 	0.00 	0.00 	27 	2 	285 	20 	81 	6 	2.2 	0.7 	58 	4 	39 	3 	4.3 	0.8 	0.0 	0.0 	18 	4
6 	8 	172 	11 	3.9 	0.5 	26 	1 	0.00 	0.00 	46 	2 	3.5 	0.3 	20 	1 	60 	4 	1.73 	0.28 	0.66 	0.15 	11.2 	0.7 	1.8 	0.2 	0.63 	0.13 	29 	2 	286 	20 	86 	6 	2.8 	0.2 	30 	2 	22 	2 	4.1 	0.3 	2.0 	0.3 	19 	4
7 	9 	28 	2 	0.0 	0.0 	30 	1 	0.00 	0.00 	46 	2 	0.0 	0.0 	3 	1 	6 	1 	2.25 	0.39 	0.00 	0.00 	7.7 	0.6 	1.4 	0.2 	0.00 	0.00 	40 	4 	286 	26 	106 	10 	1.7 	0.2 	28 	3 	23 	2 	0.7 	0.2 	0.0 	0.0 	12 	2
8	10 	135 	11 	0.0 	0.0 	25 	1 	0.00 	0.00 	49 	3 	0.0 	0.0 	6 	1 	17 	1 	0.00 	0.00 	0.00 	0.00 	9.4 	0.8 	0.8 	0.2 	0.00 	0.00 	31 	3 	286 	27 	91 	9 	2.3 	0.3 	27 	3 	19 	2 	2.5 	0.4 	0.0 	0.0 	13 	3
9	11 	165 	16 	0.0 	0.0 	0 	0 	0.00 	0.00 	46 	5 	0.0 	0.0 	11 	3 	26 	4 	0.00 	0.00 	0.00 	0.00 	10.0 	1.2 	5.1 	0.8 	0.00 	0.00 	36 	4 	287 	29 	111 	11 	2.6 	0.7 	41 	4 	30 	3 	2.6 	0.5 	0.0 	0.0 	9 	2
10	12 	175 	14 	0.0 	0.0 	24 	2 	0.00 	0.00 	47 	3 	0.0 	0.0 	11 	1 	30 	2 	3.40 	0.68 	0.00 	0.00 	9.6 	0.8 	3.6 	0.5 	0.00 	0.00 	35 	3 	287 	27 	103 	10 	2.7 	0.4 	44 	4 	32 	3 	2.6 	0.4 	1.6 	0.3 	14 	3
11	13 	209 	22 	3.3 	1.4 	26 	2 	0.00 	0.00 	49 	3 	0.0 	0.0 	15 	1 	46 	3 	0.00 	0.00 	0.00 	0.00 	11.8 	1.2 	2.8 	0.5 	0.00 	0.00 	33 	4 	306 	38 	101 	13 	2.9 	0.5 	38 	5 	27 	4 	4.1 	0.7 	0.0 	0.0 	16 	3
12	14 	209 	13 	4.4 	1.2 	25 	1 	0.00 	0.00 	46 	2 	3.4 	0.5 	13 	1 	39 	2 	1.90 	0.36 	0.00 	0.00 	9.8 	0.7 	3.1 	0.3 	0.38 	0.16 	31 	2 	287 	20 	91 	6 	2.6 	0.3 	36 	3 	25 	2 	3.1 	0.3 	1.3 	0.2 	15 	3
13	15 	221 	18 	2.7 	0.3 	26 	1 	1.29 	0.18 	53 	3 	3.7 	0.3 	26 	2 	74 	4 	1.52 	0.18 	0.92 	0.11 	12.7 	1.0 	2.2 	0.2 	1.00 	0.12 	41 	4 	286 	27 	128 	12 	3.9 	0.4 	32 	3 	24 	2 	7.4 	0.8 	3.1 	0.4 	33 	7
14	16 	244 	16 	6.5 	1.0 	25 	1 	0.00 	0.00 	48 	3 	5.1 	0.8 	34 	2 	93 	6 	2.14 	0.62 	0.00 	0.00 	12.4 	0.9 	1.3 	0.3 	0.78 	0.28 	24 	2 	286 	20 	67 	5 	3.2 	0.4 	25 	2 	18 	1 	4.7 	0.5 	4.0 	0.6 	19 	4
15	17 	360 	22 	8.3 	1.5 	25 	1 	3.05 	0.63 	46 	3 	3.8 	1.1 	35 	2 	100 	6 	2.90 	1.38 	0.00 	0.00 	10.7 	0.8 	4.9 	0.5 	0.00 	0.00 	27 	2 	286 	18 	88 	6 	3.2 	0.5 	56 	4 	40 	3 	5.2 	0.5 	5.6 	0.9 	20 	4
