1 	2 	391 	33 	0.0 	0.0 	26 	2 	0.00 	0.00 	41 	3 	0.0 	0.0 	44 	3 	130 	8 	0.00 	0.00 	0.00 	0.00 	11.9 	1.2 	0.0 	0.0 	0.00 	0.00 	17 	2 	286 	28 	47 	5 	3.2 	0.7 	26 	3 	19 	2 	6.1 	0.9 	8.4 	1.6 	26 	5
2 	3 	333 	25 	25.3 	3.5 	29 	4 	0.00 	0.00 	47 	4 	0.0 	0.0 	100 	8 	298 	21 	8.60 	3.27 	0.00 	0.00 	14.0 	1.6 	7.0 	1.3 	0.00 	0.00 	16 	2 	288 	23 	43 	4 	0.0 	0.0 	34 	3 	23 	2 	7.2 	1.3 	0.0 	0.0 	20 	4
3 	4 	207 	17 	29.1 	2.4 	28 	2 	1.95 	0.36 	45 	2 	4.3 	0.4 	135 	8 	401 	24 	0.00 	0.00 	0.00 	0.00 	10.6 	0.9 	2.0 	0.2 	1.47 	0.19 	7 	1 	276 	26 	22 	2 	3.3 	0.4 	14 	1 	9 	1 	8.2 	0.9 	4.0 	0.5 	19 	4
4 	5 	253 	16 	4.8 	0.6 	25 	1 	2.88 	0.29 	46 	2 	3.9 	0.3 	34 	2 	100 	6 	2.06 	0.23 	0.54 	0.15 	11.9 	0.8 	3.0 	0.2 	0.66 	0.11 	28 	2 	287 	20 	83 	6 	3.6 	0.3 	34 	2 	25 	2 	6.5 	0.5 	3.4 	0.3 	25 	5
5 	6 	211 	14 	0.0 	0.0 	25 	1 	0.00 	0.00 	46 	2 	3.0 	0.8 	18 	1 	50 	3 	2.19 	0.82 	0.66 	0.26 	9.3 	0.7 	3.7 	0.4 	0.00 	0.00 	30 	2 	287 	20 	90 	6 	2.9 	0.4 	44 	3 	31 	2 	3.7 	0.4 	3.2 	0.4 	3 	1
6 	7 	163 	10 	0.0 	0.0 	23 	1 	0.00 	0.00 	46 	2 	3.1 	0.3 	7 	1 	22 	1 	1.91 	0.23 	0.39 	0.16 	9.7 	0.6 	2.1 	0.2 	0.36 	0.15 	36 	3 	286 	20 	120 	8 	2.7 	0.2 	38 	3 	24 	2 	2.6 	0.2 	1.4 	0.2 	17 	3
7 	8 	58 	5 	0.0 	0.0 	24 	2 	0.00 	0.00 	47 	3 	0.0 	0.0 	3 	1 	6 	1 	0.00 	0.00 	0.00 	0.00 	7.0 	1.0 	0.0 	0.0 	0.00 	0.00 	22 	2 	292 	25 	61 	5 	1.3 	0.4 	18 	2 	13 	1 	0.8 	0.3 	0.0 	0.0 	6 	1
8 	9 	87 	7 	0.0 	0.0 	23 	2 	0.00 	0.00 	47 	3 	0.0 	0.0 	3 	1 	8 	1 	0.00 	0.00 	0.00 	0.00 	10.2 	1.2 	1.5 	0.6 	0.00 	0.00 	26 	3 	292 	28 	78 	7 	3.4 	1.1 	32 	3 	20 	2 	0.0 	0.0 	0.0 	0.0 	7 	1
9	10 	134 	11 	2.4 	1.3 	25 	1 	0.00 	0.00 	49 	3 	4.1 	0.5 	8 	1 	23 	1 	2.35 	0.39 	0.00 	0.00 	9.3 	0.8 	2.3 	0.3 	0.00 	0.00 	31 	3 	286 	27 	92 	9 	2.3 	0.3 	34 	3 	24 	2 	2.7 	0.4 	1.2 	0.3 	15 	3
10	11 	337 	23 	15.4 	2.6 	25 	3 	25.84 	3.20 	47 	3 	8.0 	1.1 	20 	2 	63 	4 	12.01 	1.21 	0.00 	0.00 	11.7 	1.2 	42.4 	3.2 	0.00 	0.00 	60 	5 	291 	21 	180 	13 	2.9 	0.6 	97 	7 	85 	6 	4.2 	0.7 	15.9 	1.6 	12 	2
11	12 	276 	24 	0.0 	0.0 	26 	3 	0.00 	0.00 	45 	4 	0.0 	0.0 	17 	3 	39 	4 	0.00 	0.00 	0.00 	0.00 	12.2 	2.4 	2.5 	0.2 	0.00 	0.00 	28 	3 	288 	28 	84 	8 	3.0 	0.6 	35 	4 	24 	3 	3.4 	0.6 	0.0 	0.0 	13 	3
12	14 	305 	19 	4.1 	0.4 	26 	1 	5.14 	0.38 	46 	2 	3.2 	0.4 	27 	2 	80 	5 	2.09 	0.20 	0.84 	0.12 	11.4 	0.7 	5.7 	0.4 	0.80 	0.12 	34 	2 	286 	20 	93 	6 	3.5 	0.3 	43 	3 	35 	2 	6.1 	0.5 	5.4 	0.4 	19 	4
13	15 	458 	32 	0.0 	0.0 	25 	2 	0.00 	0.00 	46 	3 	0.0 	0.0 	35 	3 	103 	7 	6.19 	2.32 	0.00 	0.00 	9.1 	1.0 	11.5 	1.2 	0.00 	0.00 	21 	2 	286 	21 	55 	4 	2.7 	0.9 	60 	5 	36 	3 	6.1 	0.9 	9.1 	1.2 	14 	3
