1 	3 	235 	19 	0.0 	0.0 	24 	2 	0.00 	0.00 	44 	3 	3.7 	0.7 	21 	1 	61 	4 	0.00 	0.00 	0.00 	0.00 	7.7 	0.7 	2.1 	0.3 	0.00 	0.00 	23 	2 	266 	25 	69 	7 	2.3 	0.4 	32 	3 	22 	2 	4.3 	0.6 	0.0 	0.0 	24 	5
2 	4 	383 	31 	10.2 	1.0 	26 	1 	0.00 	0.00 	46 	3 	3.8 	0.4 	51 	3 	153 	9 	3.02 	0.50 	0.00 	0.00 	6.2 	0.5 	5.6 	0.5 	0.96 	0.18 	22 	2 	286 	27 	58 	6 	2.7 	0.3 	37 	4 	26 	3 	7.6 	0.9 	6.6 	0.8 	26 	5
3 	5 	213 	17 	3.3 	0.4 	25 	1 	0.00 	0.00 	46 	2 	3.9 	0.4 	28 	2 	82 	5 	2.07 	0.31 	0.46 	0.16 	7.6 	0.6 	3.8 	0.4 	0.54 	0.11 	29 	3 	287 	27 	87 	8 	3.0 	0.3 	38 	4 	27 	3 	5.9 	0.7 	3.4 	0.4 	25 	5
4 	6 	215 	13 	2.7 	0.3 	29 	1 	1.65 	0.27 	46 	2 	3.8 	0.3 	28 	2 	81 	5 	0.98 	0.16 	0.58 	0.10 	12.0 	0.8 	1.7 	0.2 	0.96 	0.12 	29 	2 	287 	20 	84 	6 	3.3 	0.3 	21 	1 	15 	1 	6.6 	0.5 	3.2 	0.3 	30 	6
5 	7 	203 	16 	3.1 	0.7 	25 	1 	0.00 	0.00 	49 	3 	2.7 	0.3 	15 	1 	44 	3 	2.56 	0.30 	0.64 	0.16 	8.8 	0.7 	3.1 	0.3 	0.61 	0.13 	37 	4 	287 	27 	97 	9 	2.8 	0.3 	32 	3 	24 	2 	4.2 	0.5 	2.5 	0.3 	23 	5
6 	8 	120 	10 	0.0 	0.0 	23 	2 	0.00 	0.00 	46 	3 	0.0 	0.0 	7 	1 	19 	1 	0.00 	0.00 	0.00 	0.00 	9.0 	0.9 	1.6 	0.4 	0.00 	0.00 	31 	3 	286 	27 	96 	9 	2.1 	0.4 	31 	3 	22 	2 	2.5 	0.4 	0.0 	0.0 	11 	2
7 	9 	142 	9 	0.0 	0.0 	22 	1 	0.00 	0.00 	46 	3 	0.0 	0.0 	12 	1 	33 	2 	2.92 	0.60 	0.00 	0.00 	10.0 	0.8 	3.8 	0.5 	0.00 	0.00 	32 	2 	286 	20 	96 	7 	2.4 	0.4 	45 	3 	32 	2 	2.8 	0.4 	0.0 	0.0 	13 	3
8	10 	116 	7 	0.0 	0.0 	26 	1 	0.00 	0.00 	46 	2 	0.0 	0.0 	8 	1 	22 	1 	0.00 	0.00 	0.00 	0.00 	9.2 	0.7 	2.4 	0.4 	0.00 	0.00 	30 	2 	286 	20 	89 	6 	2.3 	0.4 	33 	2 	24 	2 	1.9 	0.3 	0.0 	0.0 	18 	4
9	11 	171 	10 	0.0 	0.0 	25 	1 	0.00 	0.00 	46 	2 	0.0 	0.0 	13 	1 	41 	3 	0.00 	0.00 	0.00 	0.00 	8.1 	0.7 	9.4 	0.8 	0.00 	0.00 	36 	2 	287 	19 	105 	7 	2.6 	0.4 	51 	4 	38 	3 	1.9 	0.4 	2.7 	0.7 	20 	4
10	12 	80 	6 	0.0 	0.0 	27 	2 	0.00 	0.00 	46 	3 	0.0 	0.0 	4 	1 	11 	1 	0.00 	0.00 	0.00 	0.00 	7.0 	0.6 	2.5 	0.4 	0.00 	0.00 	33 	3 	286 	22 	100 	8 	1.9 	0.3 	30 	2 	21 	2 	1.7 	0.3 	0.0 	0.0 	16 	3
11	13 	118 	7 	0.0 	0.0 	28 	1 	0.00 	0.00 	46 	2 	3.0 	0.6 	6 	1 	19 	1 	2.34 	0.51 	0.00 	0.00 	8.2 	0.6 	2.5 	0.2 	0.28 	0.09 	35 	2 	287 	20 	106 	7 	2.4 	0.2 	29 	2 	22 	2 	3.1 	0.3 	1.7 	0.2 	26 	5
12	14 	177 	11 	0.0 	0.0 	29 	1 	0.00 	0.00 	46 	2 	0.0 	0.0 	15 	1 	44 	3 	2.46 	0.56 	0.00 	0.00 	10.3 	0.8 	3.8 	0.5 	0.00 	0.00 	32 	2 	287 	20 	97 	7 	2.5 	0.4 	37 	3 	26 	2 	3.4 	0.4 	2.4 	0.7 	25 	5
13	15 	210 	13 	0.0 	0.0 	30 	1 	0.00 	0.00 	46 	2 	0.0 	0.0 	18 	1 	54 	3 	1.90 	0.45 	0.00 	0.00 	8.3 	0.6 	2.5 	0.3 	0.00 	0.00 	28 	2 	286 	20 	83 	6 	2.7 	0.3 	34 	2 	25 	2 	4.9 	0.4 	0.0 	0.0 	29 	6
14	16 	312 	18 	9.8 	1.5 	25 	2 	0.00 	0.00 	46 	3 	0.0 	0.0 	20 	1 	56 	3 	0.00 	0.00 	0.00 	0.00 	11.1 	0.9 	3.6 	0.6 	0.00 	0.00 	30 	2 	286 	17 	89 	5 	2.6 	0.6 	51 	3 	35 	2 	4.5 	0.6 	0.0 	0.0 	20 	4
