1 	2 	162 	11 	0.0 	0.0 	24 	2 	0.00 	0.00 	46 	3 	0.0 	0.0 	6 	1 	16 	1 	0.00 	0.00 	0.00 	0.00 	8.0 	0.7 	0.0 	0.0 	0.00 	0.00 	35 	2 	287 	20 	108 	7 	2.0 	0.3 	31 	2 	22 	2 	2.5 	0.3 	0.0 	0.0 	18 	4
2 	3 	208 	17 	6.9 	0.6 	25 	1 	0.00 	0.00 	49 	3 	3.7 	0.3 	39 	2 	118 	7 	0.96 	0.18 	0.74 	0.17 	10.8 	0.8 	1.0 	0.1 	0.72 	0.13 	32 	3 	306 	29 	98 	9 	3.4 	0.4 	25 	2 	18 	2 	8.4 	0.9 	2.9 	0.4 	26 	5
3 	4 	72 	4 	0.0 	0.0 	24 	1 	0.00 	0.00 	46 	2 	0.0 	0.0 	0 	0 	4 	1 	1.70 	1.14 	0.00 	0.00 	7.7 	0.5 	0.0 	0.0 	0.00 	0.00 	33 	2 	287 	20 	90 	6 	1.8 	0.2 	28 	2 	20 	1 	0.9 	0.2 	0.0 	0.0 	10 	2
4 	5 	68 	5 	0.0 	0.0 	25 	2 	0.00 	0.00 	49 	3 	3.4 	0.7 	6 	1 	17 	1 	0.00 	0.00 	0.94 	0.14 	8.5 	0.7 	0.0 	0.0 	0.00 	0.00 	34 	3 	286 	27 	100 	9 	2.5 	0.3 	18 	2 	13 	1 	3.2 	0.4 	0.9 	0.2 	17 	3
5 	6 	123 	8 	0.0 	0.0 	25 	1 	0.00 	0.00 	46 	2 	2.5 	0.5 	7 	1 	21 	1 	1.38 	0.56 	0.81 	0.33 	9.1 	0.6 	0.9 	0.2 	0.50 	0.17 	41 	3 	286 	20 	124 	8 	2.4 	0.3 	28 	2 	21 	2 	2.9 	0.4 	1.2 	0.3 	24 	5
6 	7 	91 	7 	0.0 	0.0 	25 	1 	0.00 	0.00 	46 	2 	0.0 	0.0 	3 	1 	10 	1 	0.00 	0.00 	0.00 	0.00 	9.0 	0.7 	0.0 	0.0 	0.00 	0.00 	34 	3 	287 	26 	102 	9 	1.6 	0.3 	31 	3 	22 	2 	1.5 	0.4 	0.0 	0.0 	15 	3
7 	8 	54 	4 	0.0 	0.0 	30 	1 	0.00 	0.00 	46 	2 	0.0 	0.0 	2 	1 	5 	1 	1.64 	0.38 	0.00 	0.00 	7.0 	0.5 	0.0 	0.0 	0.00 	0.00 	29 	2 	286 	23 	83 	7 	1.5 	0.2 	22 	2 	16 	1 	0.6 	0.2 	0.0 	0.0 	8 	2
8 	9 	49 	4 	0.0 	0.0 	25 	1 	0.00 	0.00 	48 	3 	3.0 	0.4 	2 	1 	5 	1 	1.93 	0.32 	0.00 	0.00 	8.8 	0.6 	1.0 	0.1 	0.00 	0.00 	33 	3 	287 	27 	100 	9 	2.3 	0.2 	22 	2 	18 	2 	1.3 	0.2 	0.7 	0.1 	11 	2
9	10 	76 	6 	0.0 	0.0 	25 	1 	0.00 	0.00 	46 	2 	0.0 	0.0 	2 	1 	6 	1 	1.87 	0.30 	0.00 	0.00 	8.8 	0.7 	1.0 	0.2 	0.00 	0.00 	34 	3 	287 	27 	98 	9 	2.0 	0.2 	27 	3 	20 	2 	1.1 	0.2 	0.0 	0.0 	11 	2
10	11 	47 	3 	0.0 	0.0 	25 	1 	0.00 	0.00 	46 	2 	3.3 	0.2 	3 	1 	9 	1 	1.53 	0.16 	0.40 	0.05 	10.7 	0.6 	1.1 	0.1 	0.23 	0.05 	55 	4 	288 	19 	162 	11 	3.4 	0.2 	28 	2 	31 	2 	2.7 	0.2 	1.2 	0.1 	41 	8
11	12 	107 	8 	0.0 	0.0 	25 	1 	0.00 	0.00 	49 	3 	3.1 	0.3 	2 	1 	5 	1 	0.89 	0.26 	0.00 	0.00 	8.0 	0.6 	0.9 	0.1 	0.00 	0.00 	37 	3 	287 	27 	112 	11 	2.3 	0.3 	26 	3 	19 	2 	2.0 	0.2 	0.0 	0.0 	15 	3
12	13 	111 	9 	0.0 	0.0 	25 	1 	0.00 	0.00 	46 	2 	2.9 	0.3 	6 	1 	19 	1 	1.28 	0.24 	0.00 	0.00 	0.0 	0.0 	0.0 	0.0 	0.00 	0.00 	0 	0 	0 	0 	0 	0 	0.0 	0.0 	0 	0 	0 	0 	0.0 	0.0 	0.0 	0.0 	0 	0
13	14 	74 	5 	0.0 	0.0 	25 	1 	0.00 	0.00 	46 	2 	0.0 	0.0 	3 	1 	9 	1 	1.89 	0.33 	0.42 	0.17 	8.2 	0.6 	1.1 	0.2 	0.00 	0.00 	37 	3 	288 	24 	109 	9 	2.2 	0.2 	26 	2 	20 	2 	1.6 	0.2 	0.6 	0.1 	14 	3
14	15 	89 	6 	0.0 	0.0 	0 	0 	0.00 	0.00 	46 	2 	0.0 	0.0 	5 	1 	14 	1 	0.00 	0.00 	0.00 	0.00 	7.4 	0.7 	0.0 	0.0 	0.00 	0.00 	28 	2 	286 	23 	82 	7 	3.9 	0.6 	25 	2 	17 	2 	2.0 	0.5 	0.0 	0.0 	15 	3
15	16 	144 	9 	0.0 	0.0 	25 	1 	0.00 	0.00 	46 	2 	2.7 	0.3 	8 	1 	23 	1 	1.78 	0.29 	0.60 	0.11 	8.3 	0.5 	1.8 	0.2 	0.35 	0.10 	44 	3 	287 	20 	135 	9 	2.4 	0.2 	28 	2 	23 	2 	4.5 	0.3 	2.4 	0.2 	37 	7
16	17 	129 	13 	0.0 	0.0 	21 	1 	0.00 	0.00 	46 	3 	2.7 	0.4 	4 	1 	12 	1 	2.25 	0.42 	0.00 	0.00 	8.0 	0.8 	1.7 	0.3 	0.00 	0.00 	39 	5 	287 	36 	115 	15 	2.0 	0.3 	31 	4 	24 	3 	2.1 	0.4 	0.0 	0.0 	15 	3
17	18 	155 	13 	0.0 	0.0 	25 	2 	0.00 	0.00 	46 	3 	0.0 	0.0 	3 	1 	9 	1 	3.53 	1.28 	0.00 	0.00 	10.5 	1.0 	1.4 	0.4 	0.00 	0.00 	37 	4 	288 	27 	110 	11 	1.8 	0.4 	34 	3 	25 	3 	2.3 	0.5 	0.0 	0.0 	13 	3
18	19 	166 	14 	0.0 	0.0 	25 	4 	0.00 	0.00 	46 	5 	0.0 	0.0 	24 	5 	55 	6 	0.00 	0.00 	0.00 	0.00 	9.5 	1.3 	0.0 	0.0 	0.00 	0.00 	32 	3 	286 	23 	99 	8 	3.0 	0.9 	34 	3 	27 	3 	2.9 	1.0 	0.0 	0.0 	10 	2
