4958.91  44.00   3.00 14.6667 5006.84 130.00   8.00 16.25
4958.91 100.00   8.00 12.5 5006.84 298.00  21.00 14.1905
4958.91 135.00   8.00 16.875 5006.84 401.00  24.00 16.7083
4958.91  34.00   2.00 17 5006.84 100.00   6.00 16.6667
4958.91  18.00   1.00 18 5006.84  50.00   3.00 16.6667
4958.91   7.00   1.00 7 5006.84  22.00   1.00 22
4958.91   3.00   1.00 3 5006.84   6.00   1.00 6
4958.91   3.00   1.00 3 5006.84   8.00   1.00 8
4958.91   8.00   1.00 8 5006.84  23.00   1.00 23
4958.91  20.00   2.00 10 5006.84  63.00   4.00 15.75
4958.91  17.00   3.00 5.66667 5006.84  39.00   4.00 9.75
4958.91  27.00   2.00 13.5 5006.84  80.00   5.00 16
4958.91  35.00   3.00 11.6667 5006.84 103.00   7.00 14.7143
4958.91  20.00   1.00 20 5006.84  71.00   4.00 17.75
4958.91  25.00   3.00 8.33333 5006.84  67.00   5.00 13.4
4958.91   9.00   1.00 9 5006.84  25.00   1.00 25
4958.91  12.00   2.00 6 5006.84  32.00   3.00 10.6667
4958.91  45.00   3.00 15 5006.84 134.00   8.00 16.75
4958.91  20.00   1.00 20 5006.84  60.00   4.00 15
4958.91   3.00   1.00 3 5006.84   6.00   1.00 6
4958.91   6.00   1.00 6 5006.84  17.00   1.00 17
4958.91  11.00   3.00 3.66667 5006.84  26.00   4.00 6.5
4958.91  11.00   1.00 11 5006.84  30.00   2.00 15
4958.91  15.00   1.00 15 5006.84  46.00   3.00 15.3333
4958.91  13.00   1.00 13 5006.84  39.00   2.00 19.5
4958.91  26.00   2.00 13 5006.84  74.00   4.00 18.5
4958.91  34.00   2.00 17 5006.84  93.00   6.00 15.5
4958.91  35.00   2.00 17.5 5006.84 100.00   6.00 16.6667
4958.91  17.00   2.00 8.5 5006.84  56.00   4.00 14
4958.91  32.00   2.00 16 5006.84  92.00   6.00 15.3333
4958.91  21.00   3.00 7 5006.84  48.00   4.00 12
4958.91  16.00   1.00 16 5006.84  47.00   3.00 15.6667
4958.91   9.00   2.00 4.5 5006.84  25.00   2.00 12.5
4958.91   1.00   1.00 1 5006.84   7.00   1.00 7
4958.91   1.00   1.00 1 5006.84   3.00   1.00 3
4958.91  13.00   1.00 13 5006.84  42.00   3.00 14
4958.91  13.00   2.00 6.5 5006.84  31.00   3.00 10.3333
4958.91  21.00   1.00 21 5006.84  61.00   4.00 15.25
4958.91  51.00   3.00 17 5006.84 153.00   9.00 17
4958.91  28.00   2.00 14 5006.84  82.00   5.00 16.4
4958.91  28.00   2.00 14 5006.84  81.00   5.00 16.2
4958.91  15.00   1.00 15 5006.84  44.00   3.00 14.6667
4958.91   7.00   1.00 7 5006.84  19.00   1.00 19
4958.91  12.00   1.00 12 5006.84  33.00   2.00 16.5
4958.91   8.00   1.00 8 5006.84  22.00   1.00 22
4958.91  13.00   1.00 13 5006.84  41.00   3.00 13.6667
4958.91   4.00   1.00 4 5006.84  11.00   1.00 11
4958.91   6.00   1.00 6 5006.84  19.00   1.00 19
4958.91  15.00   1.00 15 5006.84  44.00   3.00 14.6667
4958.91  18.00   1.00 18 5006.84  54.00   3.00 18
4958.91  20.00   1.00 20 5006.84  56.00   3.00 18.6667
4958.91   6.00   1.00 6 5006.84  16.00   1.00 16
4958.91  39.00   2.00 19.5 5006.84 118.00   7.00 16.8571 5006.84   4.00   1.00 4
4958.91   6.00   1.00 6 5006.84  17.00   1.00 17
4958.91   7.00   1.00 7 5006.84  21.00   1.00 21
4958.91   3.00   1.00 3 5006.84  10.00   1.00 10
4958.91   2.00   1.00 2 5006.84   5.00   1.00 5
4958.91   2.00   1.00 2 5006.84   5.00   1.00 5
4958.91   2.00   1.00 2 5006.84   6.00   1.00 6
4958.91   3.00   1.00 3 5006.84   9.00   1.00 9
4958.91   2.00   1.00 2 5006.84   5.00   1.00 5
4958.91   6.00   1.00 6 5006.84  19.00   1.00 19
4958.91   3.00   1.00 3 5006.84   9.00   1.00 9
4958.91   5.00   1.00 5 5006.84  14.00   1.00 14
4958.91   8.00   1.00 8 5006.84  23.00   1.00 23
4958.91   4.00   1.00 4 5006.84  12.00   1.00 12
4958.91   3.00   1.00 3 5006.84   9.00   1.00 9
4958.91  24.00   5.00 4.8 5006.84  55.00   6.00 9.16667
