6548.10  17.00   2.00 8.5 6583.50  47.00   5.00 9.4
6548.10  16.00   2.00 8 6583.50  43.00   4.00 10.75
6548.10   7.00   1.00 7 6583.50  22.00   2.00 11
6548.10  28.00   2.00 14 6583.50  83.00   6.00 13.8333
6548.10  30.00   2.00 15 6583.50  90.00   6.00 15
6548.10  36.00   3.00 12 6583.50 120.00   8.00 15
6548.10  22.00   2.00 11 6583.50  61.00   5.00 12.2
6548.10  26.00   3.00 8.66667 6583.50  78.00   7.00 11.1429
6548.10  31.00   3.00 10.3333 6583.50  92.00   9.00 10.2222
6548.10  60.00   5.00 12 6583.50 180.00  13.00 13.8462
6548.10  28.00   3.00 9.33333 6583.50  84.00   8.00 10.5
6548.10  34.00   2.00 17 6583.50  93.00   6.00 15.5
6548.10  21.00   2.00 10.5 6583.50  55.00   4.00 13.75
6548.10  28.00   3.00 9.33333 6583.50  85.00   8.00 10.625
6548.10  32.00   3.00 10.6667 6583.50  93.00   7.00 13.2857
6548.10  34.00   2.00 17 6583.50 101.00   7.00 14.4286
6548.10  31.00   2.00 15.5 6583.50  91.00   7.00 13
6548.10  27.00   2.00 13.5 6583.50  81.00   6.00 13.5
6548.10  29.00   2.00 14.5 6583.50  86.00   6.00 14.3333
6548.10  40.00   4.00 10 6583.50 106.00  10.00 10.6
6548.10  31.00   3.00 10.3333 6583.50  91.00   9.00 10.1111
6548.10  36.00   4.00 9 6583.50 111.00  11.00 10.0909
6548.10  35.00   3.00 11.6667 6583.50 103.00  10.00 10.3
6548.10  33.00   4.00 8.25 6583.50 101.00  13.00 7.76923
6548.10  31.00   2.00 15.5 6583.50  91.00   6.00 15.1667
6548.10  41.00   4.00 10.25 6583.50 128.00  12.00 10.6667
6548.10  24.00   2.00 12 6583.50  67.00   5.00 13.4
6548.10  27.00   2.00 13.5 6583.50  88.00   6.00 14.6667
6548.10  31.00   3.00 10.3333 6583.50  91.00   7.00 13
6548.10  27.00   2.00 13.5 6583.50  82.00   6.00 13.6667
6548.10  27.00   3.00 9 6583.50  83.00   8.00 10.375
6548.10  32.00   3.00 10.6667 6583.50  96.00   9.00 10.6667
6548.10  39.00   4.00 9.75 6583.50 121.00   9.00 13.4444
6548.10  31.00   3.00 10.3333 6583.50  92.00   9.00 10.2222
6548.10  30.00   3.00 10 6583.50  90.00   8.00 11.25
6548.10  26.00   2.00 13 6583.50  80.00   6.00 13.3333
6548.10  33.00   4.00 8.25 6583.50 105.00  14.00 7.5
6548.10  23.00   2.00 11.5 6583.50  69.00   7.00 9.85714
6548.10  22.00   2.00 11 6583.50  58.00   6.00 9.66667
6548.10  29.00   3.00 9.66667 6583.50  87.00   8.00 10.875
6548.10  29.00   2.00 14.5 6583.50  84.00   6.00 14
6548.10  37.00   4.00 9.25 6583.50  97.00   9.00 10.7778
6548.10  31.00   3.00 10.3333 6583.50  96.00   9.00 10.6667
6548.10  32.00   2.00 16 6583.50  96.00   7.00 13.7143
6548.10  30.00   2.00 15 6583.50  89.00   6.00 14.8333
6548.10  36.00   2.00 18 6583.50 105.00   7.00 15
6548.10  33.00   3.00 11 6583.50 100.00   8.00 12.5
6548.10  35.00   2.00 17.5 6583.50 106.00   7.00 15.1429
6548.10  32.00   2.00 16 6583.50  97.00   7.00 13.8571
6548.10  28.00   2.00 14 6583.50  83.00   6.00 13.8333
6548.10  30.00   2.00 15 6583.50  89.00   5.00 17.8
6548.10  35.00   2.00 17.5 6583.50 108.00   7.00 15.4286
6548.10  32.00   3.00 10.6667 6583.50  98.00   9.00 10.8889
6548.10  33.00   2.00 16.5 6583.50  90.00   6.00 15
6548.10  34.00   3.00 11.3333 6583.50 100.00   9.00 11.1111
6548.10  41.00   3.00 13.6667 6583.50 124.00   8.00 15.5
6548.10  34.00   3.00 11.3333 6583.50 102.00   9.00 11.3333
6548.10  29.00   2.00 14.5 6583.50  83.00   7.00 11.8571
6548.10  33.00   3.00 11 6583.50 100.00   9.00 11.1111
6548.10  34.00   3.00 11.3333 6583.50  98.00   9.00 10.8889
6548.10  55.00   4.00 13.75 6583.50 162.00  11.00 14.7273
6548.10  37.00   3.00 12.3333 6583.50 112.00  11.00 10.1818
6548.10  37.00   3.00 12.3333 6583.50 109.00   9.00 12.1111
6548.10  28.00   2.00 14 6583.50  82.00   7.00 11.7143
6548.10  44.00   3.00 14.6667 6583.50 135.00   9.00 15
6548.10  39.00   5.00 7.8 6583.50 115.00  15.00 7.66667
6548.10  37.00   4.00 9.25 6583.50 110.00  11.00 10
6548.10  32.00   3.00 10.6667 6583.50  99.00   8.00 12.375
